,time,event
0,57.81951986796874,73
