,time,event
0,61.000111683364125,4
