,time,event
0,61.884323235145146,90
