,time,event
0,86.64587765124799,37
