,time,event
0,105.99006073819251,95
