,time,event
0,107.83834725522357,51
