,time,event
0,11.685487712376208,11
