,time,event
0,114.78518836784968,1
