,time,event
0,115.2190266225428,26
