,time,event
0,118.30566178689384,55
