,time,event
0,120.31603500900489,11
