,time,event
0,121.00166966393932,28
