,time,event
0,12.893552643784037,14
