,time,event
0,123.07604641675718,3
