,time,event
0,13.407490393764762,32
