,time,event
0,127.5448187234518,83
