,time,event
0,129.65745208693426,51
