,time,event
0,130.57875632268568,19
