,time,event
0,132.62170655155558,5
