,time,event
0,138.29499061741024,6
