,time,event
0,140.52175349777428,46
