,time,event
0,148.77714964596223,68
