,time,event
0,151.54675678192842,90
