,time,event
0,164.5844599052926,0
