,time,event
0,166.94476157090855,21
