,time,event
0,167.2941252432447,62
