,time,event
0,171.58127488569596,45
