,time,event
0,175.32152708079062,37
