,time,event
0,178.36536677345424,68
