,time,event
0,181.48707102429995,57
