,time,event
0,184.41409672510926,31
