,time,event
0,191.52221762029907,17
