,time,event
0,191.9846753230925,57
