,time,event
0,192.89957936607925,7
