,time,event
0,205.05390164237136,65
