,time,event
0,209.36796459962716,44
