,time,event
0,216.33210578773654,69
