,time,event
0,217.46801766764912,36
