,time,event
0,219.09413867648442,91
