,time,event
0,219.52071075317937,87
