,time,event
0,220.95816111608048,8
