,time,event
0,229.98886804567186,39
