,time,event
0,239.13490597674559,54
