,time,event
0,248.30583305103238,60
