,time,event
0,248.36549064257142,55
