,time,event
0,252.17767683826267,86
