,time,event
0,252.21747036524022,40
