,time,event
0,261.80900211084656,91
