,time,event
0,263.4180394873453,33
