,time,event
0,28.686745897710253,26
