,time,event
0,272.8080125709353,82
