,time,event
0,274.05708053803585,87
