,time,event
0,274.57483375171734,73
