,time,event
0,283.34094593681635,76
