,time,event
0,32.08900626336941,13
