,time,event
0,311.7904084030287,25
