,time,event
0,313.4606540608154,40
