,time,event
0,316.69697933071063,33
