,time,event
0,318.49579036441924,56
