,time,event
0,330.9249726279606,64
