,time,event
0,334.55105320348014,56
