,time,event
0,337.7050788658964,81
