,time,event
0,343.01860517007566,81
