,time,event
0,343.07680631840975,99
