,time,event
0,353.87161397333335,19
