,time,event
0,36.564592665955246,53
