,time,event
0,363.65978065076575,33
