,time,event
0,367.95415016275257,91
