,time,event
0,374.5051598318116,11
