,time,event
0,381.431374323149,85
