,time,event
0,381.932222790976,63
