,time,event
0,383.42373064167435,90
