,time,event
0,391.4128850047036,99
