,time,event
0,399.1130541391675,55
