,time,event
0,401.40841922950625,75
