,time,event
0,417.5028450144558,45
