,time,event
0,420.4037362314894,63
