,time,event
0,422.2582832299482,56
