,time,event
0,423.733916725072,60
