,time,event
0,427.66254883768727,28
