,time,event
0,430.92926905053395,8
