,time,event
0,432.8789625456464,91
