,time,event
0,445.13253016287837,93
