,time,event
0,455.1234141125067,79
