,time,event
0,463.5680996468729,95
