,time,event
0,47.89080919972988,99
