,time,event
0,474.26623661339096,98
