,time,event
0,475.62280032371063,32
