,time,event
0,49.19160689753621,4
