,time,event
0,477.7396547485047,95
