,time,event
0,481.5414124767603,56
