,time,event
0,491.22827879057064,82
