,time,event
0,491.1895732341964,22
