,time,event
0,498.49655061243857,87
