,time,event
0,503.3184277858584,82
