,time,event
0,505.192262136267,46
