,time,event
0,505.3166672155128,48
