,time,event
0,509.0194062582154,21
