,time,event0,event1,event2
0,0,-0.73387057,3.4059946537017822,-0.4147174060344696
1,1,0.5551818,3.4059946537017822,-0.4147174060344696
2,2,-0.22768743,3.4059946537017822,-0.4147174060344696
3,3,-0.77600604,3.4059946537017822,-0.4147174060344696
4,4,-0.4983668,3.4059946537017822,-0.4147174060344696
5,5,0.81249005,3.4059946537017822,-0.4147174060344696
6,6,0.5609509,3.4059946537017822,-0.4147174060344696
7,7,0.24749033,3.4059946537017822,-0.4147174060344696
8,8,0.15996642,3.4059946537017822,-0.4147174060344696
9,9,0.5765738,3.4059946537017822,-0.4147174060344696
