,Unnamed: 0,Unnamed: 0.1,user_id,device_class,city_id,nr_trips,checkin,checkout,diff_checkin,diff_checkout,diff_inout,label
25030,25030,25030,100657,mobile,42111,9,0.0,2016-07-27,1,1,1,3
25031,25031,25031,100657,mobile,42111,9,1.0,2016-07-28,1,3,1,3
25032,25032,25032,100657,mobile,3712,9,2.0,2016-07-31,3,1,3,3
25033,25033,25033,100657,mobile,62593,9,5.0,2016-08-01,1,1,1,3
25034,25034,25034,100657,mobile,62593,9,6.0,2016-08-02,2,6,1,3
25035,25035,25035,100657,mobile,61733,9,8.0,2016-08-08,5,4,5,3
25036,25036,25036,100657,mobile,26188,9,13.0,2016-08-12,4,1,4,3
25037,25037,25037,100657,mobile,26188,9,17.0,2016-08-13,1,1,1,3
25038,25038,25038,100657,mobile,31531,9,18.0,2016-08-14,9999,9999,1,3
