,Unnamed: 0,Unnamed: 0.1,user_id,device_class,city_id,nr_trips,checkin,checkout,diff_checkin,diff_checkout,diff_inout,label
30631,30631,30631,124187,desktop,26149,9,0.0,2016-08-21,2,3,2,3
30632,30632,30632,124187,desktop,33591,9,2.0,2016-08-24,3,1,3,3
30633,30633,30633,124187,desktop,37943,9,5.0,2016-08-25,1,3,1,3
30634,30634,30634,124187,desktop,60059,9,6.0,2016-08-28,8,7,3,3
30635,30635,30635,124187,desktop,16633,9,14.0,2016-09-04,2,1,2,3
30636,30636,30636,124187,desktop,62825,9,16.0,2016-09-05,1,4,1,3
30637,30637,30637,124187,desktop,58964,9,17.0,2016-09-09,4,2,4,3
30638,30638,30638,124187,desktop,40101,9,21.0,2016-09-11,2,2,2,3
30639,30639,30639,124187,desktop,55690,9,23.0,2016-09-13,9999,9999,2,3
