,Unnamed: 0,Unnamed: 0.1,user_id,device_class,city_id,nr_trips,checkin,checkout,diff_checkin,diff_checkout,diff_inout,label
32801,32801,32801,132575,desktop,14843,9,0.0,2016-07-06,2,4,2,3
32802,32802,32802,132575,desktop,26959,9,2.0,2016-07-10,4,2,4,3
32803,32803,32803,132575,desktop,28859,9,6.0,2016-07-12,2,3,2,3
32804,32804,32804,132575,desktop,28333,9,8.0,2016-07-15,100,98,3,3
32805,32805,32805,132575,desktop,43384,9,108.0,2016-10-21,1,3,1,3
32806,32806,32806,132575,desktop,40286,9,109.0,2016-10-24,3,2,3,3
32807,32807,32807,132575,desktop,20957,9,112.0,2016-10-26,2,1,2,3
32808,32808,32808,132575,desktop,43384,9,114.0,2016-10-27,1,2,1,3
32809,32809,32809,132575,desktop,32821,9,115.0,2016-10-29,9999,9999,2,3
