,Unnamed: 0,Unnamed: 0.1,user_id,device_class,city_id,nr_trips,checkin,checkout,diff_checkin,diff_checkout,diff_inout,label
33615,33615,33615,135865,desktop,59535,9,0.0,2016-08-05,1,2,1,3
33616,33616,33616,135865,desktop,19866,9,1.0,2016-08-07,2,4,2,3
33617,33617,33617,135865,desktop,61678,9,3.0,2016-08-11,4,1,4,3
33618,33618,33618,135865,desktop,23745,9,7.0,2016-08-12,1,1,1,3
33619,33619,33619,135865,desktop,56167,9,8.0,2016-08-13,1,1,1,3
33620,33620,33620,135865,desktop,62286,9,9.0,2016-08-14,1,5,1,3
33621,33621,33621,135865,desktop,64496,9,10.0,2016-08-19,5,3,5,3
33622,33622,33622,135865,desktop,18598,9,15.0,2016-08-22,3,4,3,3
33623,33623,33623,135865,desktop,59535,9,18.0,2016-08-26,9999,9999,4,3
