,Unnamed: 0,Unnamed: 0.1,user_id,device_class,city_id,nr_trips,checkin,checkout,diff_checkin,diff_checkout,diff_inout,label
33602,33602,33602,135842,desktop,56590,9,0.0,2016-08-30,4,2,4,3
33603,33603,33603,135842,desktop,54603,9,4.0,2016-09-01,2,1,2,3
33604,33604,33604,135842,desktop,55745,9,6.0,2016-09-02,1,1,1,3
33605,33605,33605,135842,desktop,25200,9,7.0,2016-09-03,1,1,1,3
33606,33606,33606,135842,mobile,0,9,8.0,2016-09-04,29,31,1,3
33607,33607,33607,135842,desktop,46854,9,37.0,2016-10-05,3,2,3,3
33608,33608,33608,135842,desktop,2748,9,40.0,2016-10-07,2,1,2,3
33609,33609,33609,135842,desktop,22065,9,42.0,2016-10-08,1,1,1,3
33610,33610,33610,135842,desktop,46215,9,43.0,2016-10-09,9999,9999,1,3
