,Unnamed: 0,Unnamed: 0.1,user_id,device_class,city_id,nr_trips,checkin,checkout,diff_checkin,diff_checkout,diff_inout,label
33637,33637,33637,135936,mobile,35811,9,0.0,2016-03-17,3,2,3,3
33638,33638,33638,135936,tablet,66867,9,3.0,2016-03-19,2,2,2,3
33639,33639,33639,135936,tablet,30796,9,5.0,2016-03-21,2,2,2,3
33640,33640,33640,135936,tablet,0,9,7.0,2016-03-23,114,113,2,3
33641,33641,33641,135936,tablet,1810,9,121.0,2016-07-14,1,1,1,3
33642,33642,33642,135936,tablet,728,9,122.0,2016-07-15,1,1,1,3
33643,33643,33643,135936,tablet,24904,9,123.0,2016-07-16,1,4,1,3
33644,33644,33644,135936,tablet,43870,9,124.0,2016-07-20,4,1,4,3
33645,33645,33645,135936,mobile,62185,9,128.0,2016-07-21,9999,9999,1,3
