,Unnamed: 0,Unnamed: 0.1,user_id,device_class,city_id,nr_trips,checkin,checkout,diff_checkin,diff_checkout,diff_inout,label
40674,40674,40674,162527,desktop,52815,9,0.0,2016-04-30,4,3,4,3
40675,40675,40675,162527,desktop,48905,9,4.0,2016-05-03,3,1,3,3
40676,40676,40676,162527,desktop,33022,9,7.0,2016-05-04,6,6,1,3
40677,40677,40677,162527,desktop,42368,9,13.0,2016-05-10,1,1,1,3
40678,40678,40678,162527,desktop,15626,9,14.0,2016-05-11,1,1,1,3
40679,40679,40679,162527,desktop,17990,9,15.0,2016-05-12,1,2,1,3
40680,40680,40680,162527,desktop,19444,9,16.0,2016-05-14,2,2,2,3
40681,40681,40681,162527,desktop,48343,9,18.0,2016-05-16,2,4,2,3
40682,40682,40682,162527,desktop,29770,9,20.0,2016-05-20,9999,9999,4,3
