,Unnamed: 0,Unnamed: 0.1,user_id,device_class,city_id,nr_trips,checkin,checkout,diff_checkin,diff_checkout,diff_inout,label
42698,42698,42698,171192,desktop,3763,9,0.0,2016-05-03,6,2,6,3
42699,42699,42699,171192,desktop,58038,9,6.0,2016-05-05,2,2,2,3
42700,42700,42700,171192,desktop,10457,9,8.0,2016-05-07,2,4,2,3
42701,42701,42701,171192,desktop,36846,9,10.0,2016-05-11,148,145,4,3
42702,42702,42702,171192,desktop,3914,9,158.0,2016-10-03,1,3,1,3
42703,42703,42703,171192,desktop,31328,9,159.0,2016-10-06,3,1,3,3
42704,42704,42704,171192,tablet,23935,9,162.0,2016-10-07,1,1,1,3
42705,42705,42705,171192,tablet,58655,9,163.0,2016-10-08,1,1,1,3
42706,42706,42706,171192,tablet,64215,9,164.0,2016-10-09,9999,9999,1,3
