,Unnamed: 0,Unnamed: 0.1,user_id,device_class,city_id,nr_trips,checkin,checkout,diff_checkin,diff_checkout,diff_inout,label
43369,43369,43369,173681,desktop,30546,9,0.0,2016-07-25,1,4,1,3
43370,43370,43370,173681,desktop,45188,9,1.0,2016-07-29,4,5,4,3
43371,43371,43371,173681,desktop,52818,9,5.0,2016-08-03,5,1,5,3
43372,43372,43372,173681,desktop,49239,9,10.0,2016-08-04,1,5,1,3
43373,43373,43373,173681,desktop,15377,9,11.0,2016-08-09,5,3,5,3
43374,43374,43374,173681,desktop,62047,9,16.0,2016-08-12,3,2,3,3
43375,43375,43375,173681,desktop,11481,9,19.0,2016-08-14,2,3,2,3
43376,43376,43376,173681,desktop,27774,9,21.0,2016-08-17,3,1,3,3
43377,43377,43377,173681,desktop,0,9,24.0,2016-08-18,9999,9999,1,3
