,Unnamed: 0,Unnamed: 0.1,user_id,device_class,city_id,nr_trips,checkin,checkout,diff_checkin,diff_checkout,diff_inout,label
4597,4597,4597,18189,mobile,43947,9,0.0,2016-01-10,2,1,2,3
4598,4598,4598,18189,mobile,58669,9,2.0,2016-01-11,1,3,1,3
4599,4599,4599,18189,mobile,54085,9,3.0,2016-01-14,3,4,3,3
4600,4600,4600,18189,mobile,6582,9,6.0,2016-01-18,245,242,4,3
4601,4601,4601,18189,mobile,40702,9,251.0,2016-09-16,1,4,1,3
4602,4602,4602,18189,mobile,49475,9,252.0,2016-09-20,4,4,4,3
4603,4603,4603,18189,mobile,11640,9,256.0,2016-09-24,4,2,4,3
4604,4604,4604,18189,mobile,64851,9,260.0,2016-09-26,2,3,2,3
4605,4605,4605,18189,tablet,23924,9,262.0,2016-09-29,9999,9999,3,3
