,Unnamed: 0,Unnamed: 0.1,user_id,device_class,city_id,nr_trips,checkin,checkout,diff_checkin,diff_checkout,diff_inout,label
47287,47287,47287,190114,desktop,2078,9,0.0,2016-11-29,4,4,2,3
47288,47288,47288,190114,desktop,60966,9,4.0,2016-12-03,2,1,2,3
47289,47289,47289,190114,mobile,19771,9,6.0,2016-12-04,1,2,1,3
47290,47290,47290,190114,mobile,62273,9,7.0,2016-12-06,2,1,2,3
47291,47291,47291,190114,mobile,19771,9,9.0,2016-12-07,3,3,1,3
47292,47292,47292,190114,mobile,2078,9,12.0,2016-12-10,1,5,1,3
47293,47293,47293,190114,desktop,2078,9,13.0,2016-12-15,5,5,5,3
47294,47294,47294,190114,mobile,2078,9,18.0,2016-12-20,5,3,5,3
47295,47295,47295,190114,mobile,0,9,23.0,2016-12-23,9999,9999,3,3
