,Unnamed: 0,Unnamed: 0.1,user_id,device_class,city_id,nr_trips,checkin,checkout,diff_checkin,diff_checkout,diff_inout,label
48007,48007,48007,193441,desktop,56651,9,0.0,2016-05-14,2,3,2,3
48008,48008,48008,193441,desktop,17764,9,2.0,2016-05-17,3,4,3,3
48009,48009,48009,193441,desktop,34420,9,5.0,2016-05-21,4,2,4,3
48010,48010,48010,193441,desktop,35850,9,9.0,2016-05-23,137,136,2,3
48011,48011,48011,193441,desktop,64502,9,146.0,2016-10-06,1,2,1,3
48012,48012,48012,193441,desktop,39351,9,147.0,2016-10-08,2,3,2,3
48013,48013,48013,193441,desktop,21463,9,149.0,2016-10-11,3,1,3,3
48014,48014,48014,193441,desktop,39351,9,152.0,2016-10-12,1,1,1,3
48015,48015,48015,193441,desktop,64502,9,153.0,2016-10-13,9999,9999,1,3
