,Unnamed: 0,Unnamed: 0.1,user_id,device_class,city_id,nr_trips,checkin,checkout,diff_checkin,diff_checkout,diff_inout,label
48616,48616,48616,196248,desktop,4065,9,0.0,2016-02-10,2,2,2,3
48617,48617,48617,196248,desktop,39850,9,2.0,2016-02-12,2,3,2,3
48618,48618,48618,196248,desktop,48968,9,4.0,2016-02-15,3,2,3,3
48619,48619,48619,196248,desktop,8335,9,7.0,2016-02-17,251,251,2,3
48620,48620,48620,196248,desktop,32821,9,258.0,2016-10-25,2,1,2,3
48621,48621,48621,196248,desktop,43595,9,260.0,2016-10-26,1,2,1,3
48622,48622,48622,196248,desktop,43421,9,261.0,2016-10-28,2,4,2,3
48623,48623,48623,196248,mobile,36610,9,263.0,2016-11-01,4,1,4,3
48624,48624,48624,196248,mobile,0,9,267.0,2016-11-02,9999,9999,1,3
