,Unnamed: 0,Unnamed: 0.1,user_id,device_class,city_id,nr_trips,checkin,checkout,diff_checkin,diff_checkout,diff_inout,label
49354,49354,49354,199712,mobile,8335,9,0.0,2016-06-18,1,5,1,3
49355,49355,49355,199712,mobile,48968,9,1.0,2016-06-23,5,1,5,3
49356,49356,49356,199712,mobile,8335,9,6.0,2016-06-24,1,2,1,3
49357,49357,49357,199712,mobile,29019,9,7.0,2016-06-26,2,3,2,3
49358,49358,49358,199712,mobile,45948,9,9.0,2016-06-29,3,1,3,3
49359,49359,49359,199712,mobile,29019,9,12.0,2016-06-30,1,4,1,3
49360,49360,49360,199712,mobile,27701,9,13.0,2016-07-04,4,4,4,3
49361,49361,49361,199712,mobile,27701,9,17.0,2016-07-08,4,1,4,3
49362,49362,49362,199712,mobile,8335,9,21.0,2016-07-09,9999,9999,1,3
