,Unnamed: 0,Unnamed: 0.1,user_id,device_class,city_id,nr_trips,checkin,checkout,diff_checkin,diff_checkout,diff_inout,label
57841,57841,57841,234817,desktop,45188,9,0.0,2016-09-30,2,1,2,3
57842,57842,57842,234817,mobile,45188,9,2.0,2016-10-01,1,2,1,3
57843,57843,57843,234817,mobile,36063,9,3.0,2016-10-03,2,3,2,3
57844,57844,57844,234817,mobile,36063,9,5.0,2016-10-06,3,3,3,3
57845,57845,57845,234817,mobile,36063,9,8.0,2016-10-09,78,79,3,3
57846,57846,57846,234817,desktop,64876,9,86.0,2016-12-27,4,3,4,3
57847,57847,57847,234817,desktop,9608,9,90.0,2016-12-30,3,1,3,3
57848,57848,57848,234817,desktop,9608,9,93.0,2016-12-31,1,2,1,3
57849,57849,57849,234817,desktop,0,9,94.0,2017-01-02,9999,9999,2,3
