,Unnamed: 0,Unnamed: 0.1,user_id,device_class,city_id,nr_trips,checkin,checkout,diff_checkin,diff_checkout,diff_inout,label
62327,62327,62327,253052,mobile,38862,9,0.0,2016-08-02,1,2,1,3
62328,62328,62328,253052,mobile,6469,9,1.0,2016-08-04,2,1,2,3
62329,62329,62329,253052,mobile,54859,9,3.0,2016-08-05,1,2,1,3
62330,62330,62330,253052,mobile,52815,9,4.0,2016-08-07,2,2,2,3
62331,62331,62331,253052,mobile,0,9,6.0,2016-08-09,4,5,2,3
62332,62332,62332,253052,desktop,4021,9,10.0,2016-08-14,3,5,3,3
62333,62333,62333,253052,desktop,15377,9,13.0,2016-08-19,5,7,5,3
62334,62334,62334,253052,desktop,9973,9,18.0,2016-08-26,7,2,7,3
62335,62335,62335,253052,desktop,29770,9,25.0,2016-08-28,9999,9999,2,3
