,Unnamed: 0,Unnamed: 0.1,user_id,device_class,city_id,nr_trips,checkin,checkout,diff_checkin,diff_checkout,diff_inout,label
67564,67564,67564,274390,desktop,51291,9,0.0,2016-09-15,4,5,4,3
67565,67565,67565,274390,desktop,3763,9,4.0,2016-09-20,5,1,5,3
67566,67566,67566,274390,desktop,18417,9,9.0,2016-09-21,1,2,1,3
67567,67567,67567,274390,desktop,30520,9,10.0,2016-09-23,2,1,2,3
67568,67568,67568,274390,desktop,47389,9,12.0,2016-09-24,1,2,1,3
67569,67569,67569,274390,desktop,66648,9,13.0,2016-09-26,2,3,2,3
67570,67570,67570,274390,desktop,63199,9,15.0,2016-09-29,3,3,3,3
67571,67571,67571,274390,desktop,26235,9,18.0,2016-10-02,3,2,3,3
67572,67572,67572,274390,desktop,13530,9,21.0,2016-10-04,9999,9999,2,3
