,Unnamed: 0,Unnamed: 0.1,user_id,device_class,city_id,nr_trips,checkin,checkout,diff_checkin,diff_checkout,diff_inout,label
70264,70264,70264,285580,mobile,4932,9,0.0,2016-02-26,1,1,1,3
70265,70265,70265,285580,mobile,60222,9,1.0,2016-02-27,1,1,1,3
70266,70266,70266,285580,mobile,60222,9,2.0,2016-02-28,1,3,1,3
70267,70267,70267,285580,desktop,4932,9,3.0,2016-03-02,3,1,3,3
70268,70268,70268,285580,mobile,67025,9,6.0,2016-03-03,271,274,1,3
70269,70269,70269,285580,mobile,29770,9,277.0,2016-12-02,4,2,4,3
70270,70270,70270,285580,mobile,3763,9,281.0,2016-12-04,2,2,2,3
70271,70271,70271,285580,mobile,3763,9,283.0,2016-12-06,2,3,2,3
70272,70272,70272,285580,mobile,17127,9,285.0,2016-12-09,9999,9999,3,3
