,Unnamed: 0,Unnamed: 0.1,user_id,device_class,city_id,nr_trips,checkin,checkout,diff_checkin,diff_checkout,diff_inout,label
70758,70758,70758,287768,desktop,39712,9,0.0,2016-10-09,1,1,1,3
70759,70759,70759,287768,desktop,25946,9,1.0,2016-10-10,1,1,1,3
70760,70760,70760,287768,desktop,20967,9,2.0,2016-10-11,1,2,1,3
70761,70761,70761,287768,desktop,9161,9,3.0,2016-10-13,2,3,2,3
70762,70762,70762,287768,desktop,61320,9,5.0,2016-10-16,104,103,3,3
70763,70763,70763,287768,tablet,17127,9,109.0,2017-01-27,2,3,2,3
70764,70764,70764,287768,tablet,9608,9,111.0,2017-01-30,3,4,3,3
70765,70765,70765,287768,mobile,55128,9,114.0,2017-02-03,4,4,4,3
70766,70766,70766,287768,desktop,64876,9,118.0,2017-02-07,9999,9999,4,3
