,Unnamed: 0,Unnamed: 0.1,user_id,device_class,city_id,nr_trips,checkin,checkout,diff_checkin,diff_checkout,diff_inout,label
72007,72007,72007,292943,desktop,24507,9,0.0,2016-06-21,6,3,6,3
72008,72008,72008,292943,desktop,17750,9,6.0,2016-06-24,3,3,3,3
72009,72009,72009,292943,desktop,30410,9,9.0,2016-06-27,3,2,3,3
72010,72010,72010,292943,desktop,67155,9,12.0,2016-06-29,2,1,2,3
72011,72011,72011,292943,desktop,63646,9,14.0,2016-06-30,4,4,1,3
72012,72012,72012,292943,desktop,17208,9,18.0,2016-07-04,1,1,1,3
72013,72013,72013,292943,desktop,32392,9,19.0,2016-07-05,1,1,1,3
72014,72014,72014,292943,desktop,51517,9,20.0,2016-07-06,1,2,1,3
72015,72015,72015,292943,desktop,51517,9,21.0,2016-07-08,9999,9999,2,3
