,Unnamed: 0,Unnamed: 0.1,user_id,device_class,city_id,nr_trips,checkin,checkout,diff_checkin,diff_checkout,diff_inout,label
72737,72737,72737,295260,desktop,28115,9,0.0,2016-07-26,10,10,2,3
72738,72738,72738,295260,desktop,63035,9,10.0,2016-08-05,5,4,2,3
72739,72739,72739,295260,desktop,41019,9,15.0,2016-08-09,1,2,1,3
72740,72740,72740,295260,desktop,37228,9,16.0,2016-08-11,53,52,2,3
72741,72741,72741,295260,desktop,15301,9,69.0,2016-10-02,1,4,1,3
72742,72742,72742,295260,desktop,44242,9,70.0,2016-10-06,11,8,4,3
72743,72743,72743,295260,desktop,45188,9,81.0,2016-10-14,1,3,1,3
72744,72744,72744,295260,desktop,866,9,82.0,2016-10-17,4,3,3,3
72745,72745,72745,295260,desktop,0,9,86.0,2016-10-20,9999,9999,2,3
