,Unnamed: 0,Unnamed: 0.1,user_id,device_class,city_id,nr_trips,checkin,checkout,diff_checkin,diff_checkout,diff_inout,label
73971,73971,73971,300211,desktop,55267,9,0.0,2016-02-01,1,4,1,3
73972,73972,73972,300211,desktop,56498,9,1.0,2016-02-05,4,2,4,3
73973,73973,73973,300211,desktop,53819,9,5.0,2016-02-07,2,1,2,3
73974,73974,73974,300211,desktop,56498,9,7.0,2016-02-08,1,1,1,3
73975,73975,73975,300211,desktop,56498,9,8.0,2016-02-09,93,93,1,3
73976,73976,73976,300211,desktop,15037,9,101.0,2016-05-12,1,1,1,3
73977,73977,73977,300211,desktop,35658,9,102.0,2016-05-13,1,3,1,3
73978,73978,73978,300211,desktop,53252,9,103.0,2016-05-16,3,4,3,3
73979,73979,73979,300211,desktop,56498,9,106.0,2016-05-20,9999,9999,4,3
