,Unnamed: 0,Unnamed: 0.1,user_id,device_class,city_id,nr_trips,checkin,checkout,diff_checkin,diff_checkout,diff_inout,label
75581,75581,75581,307157,desktop,56498,9,0.0,2016-06-16,3,2,3,3
75582,75582,75582,307157,desktop,17127,9,3.0,2016-06-18,2,2,2,3
75583,75583,75583,307157,desktop,15144,9,5.0,2016-06-20,2,2,2,3
75584,75584,75584,307157,desktop,66142,9,7.0,2016-06-22,2,2,2,3
75585,75585,75585,307157,desktop,21033,9,9.0,2016-06-24,2,8,2,3
75586,75586,75586,307157,desktop,55799,9,11.0,2016-07-02,8,1,8,3
75587,75587,75587,307157,desktop,7391,9,19.0,2016-07-03,1,6,1,3
75588,75588,75588,307157,desktop,36152,9,20.0,2016-07-09,6,2,6,3
75589,75589,75589,307157,desktop,0,9,26.0,2016-07-11,9999,9999,2,3
