,Unnamed: 0,Unnamed: 0.1,user_id,device_class,city_id,nr_trips,checkin,checkout,diff_checkin,diff_checkout,diff_inout,label
76166,76166,76166,309769,tablet,42368,9,0.0,2016-08-13,4,2,4,3
76167,76167,76167,309769,tablet,8186,9,4.0,2016-08-15,2,1,2,3
76168,76168,76168,309769,mobile,37601,9,6.0,2016-08-16,1,2,1,3
76169,76169,76169,309769,tablet,37601,9,7.0,2016-08-18,2,1,2,3
76170,76170,76170,309769,tablet,37601,9,9.0,2016-08-19,1,1,1,3
76171,76171,76171,309769,tablet,37601,9,10.0,2016-08-20,1,5,1,3
76172,76172,76172,309769,tablet,48343,9,11.0,2016-08-25,5,3,5,3
76173,76173,76173,309769,tablet,48343,9,16.0,2016-08-28,3,2,3,3
76174,76174,76174,309769,mobile,4787,9,19.0,2016-08-30,9999,9999,2,3
