,Unnamed: 0,Unnamed: 0.1,user_id,device_class,city_id,nr_trips,checkin,checkout,diff_checkin,diff_checkout,diff_inout,label
76844,76844,76844,312820,desktop,47499,9,0.0,2016-09-01,4,2,4,3
76845,76845,76845,312820,tablet,25025,9,4.0,2016-09-03,2,2,2,3
76846,76846,76846,312820,desktop,2416,9,6.0,2016-09-05,2,1,2,3
76847,76847,76847,312820,desktop,47799,9,8.0,2016-09-06,1,2,1,3
76848,76848,76848,312820,desktop,14563,9,9.0,2016-09-08,2,5,2,3
76849,76849,76849,312820,desktop,32713,9,11.0,2016-09-13,5,5,5,3
76850,76850,76850,312820,tablet,24218,9,16.0,2016-09-18,5,3,5,3
76851,76851,76851,312820,desktop,55529,9,21.0,2016-09-21,3,2,3,3
76852,76852,76852,312820,mobile,0,9,24.0,2016-09-23,9999,9999,2,3
