,Unnamed: 0,Unnamed: 0.1,user_id,device_class,city_id,nr_trips,checkin,checkout,diff_checkin,diff_checkout,diff_inout,label
76951,76951,76951,313163,desktop,47499,9,0.0,2016-03-07,3,8,3,3
76952,76952,76952,313163,desktop,56689,9,3.0,2016-03-15,8,3,8,3
76953,76953,76953,313163,desktop,47499,9,11.0,2016-03-18,3,1,3,3
76954,76954,76954,313163,mobile,0,9,14.0,2016-03-19,278,278,1,3
76955,76955,76955,313163,desktop,51259,9,292.0,2016-12-22,1,5,1,3
76956,76956,76956,313163,desktop,47499,9,293.0,2016-12-27,5,9,5,3
76957,76957,76957,313163,desktop,5356,9,298.0,2017-01-05,9,6,9,3
76958,76958,76958,313163,desktop,34342,9,307.0,2017-01-11,6,2,6,3
76959,76959,76959,313163,mobile,47499,9,313.0,2017-01-13,9999,9999,2,3
