,Unnamed: 0,Unnamed: 0.1,user_id,device_class,city_id,nr_trips,checkin,checkout,diff_checkin,diff_checkout,diff_inout,label
78223,78223,78223,318097,desktop,44869,9,0.0,2016-09-06,6,4,6,3
78224,78224,78224,318097,mobile,44869,9,6.0,2016-09-10,4,10,4,3
78225,78225,78225,318097,mobile,44869,9,10.0,2016-09-20,10,5,10,3
78226,78226,78226,318097,mobile,44869,9,20.0,2016-09-25,5,10,5,3
78227,78227,78227,318097,mobile,44869,9,25.0,2016-10-05,10,10,10,3
78228,78228,78228,318097,mobile,44869,9,35.0,2016-10-15,10,16,10,3
78229,78229,78229,318097,mobile,44869,9,45.0,2016-10-31,16,15,16,3
78230,78230,78230,318097,mobile,44869,9,61.0,2016-11-15,15,17,15,3
78231,78231,78231,318097,mobile,0,9,76.0,2016-12-02,9999,9999,17,3
