,Unnamed: 0,Unnamed: 0.1,user_id,device_class,city_id,nr_trips,checkin,checkout,diff_checkin,diff_checkout,diff_inout,label
84033,84033,84033,342043,tablet,36844,9,0.0,2016-05-27,1,2,1,3
84034,84034,84034,342043,tablet,34520,9,1.0,2016-05-29,2,1,2,3
84035,84035,84035,342043,tablet,37128,9,3.0,2016-05-30,1,1,1,3
84036,84036,84036,342043,tablet,41036,9,4.0,2016-05-31,253,255,1,3
84037,84037,84037,342043,tablet,58222,9,257.0,2017-02-10,3,2,3,3
84038,84038,84038,342043,tablet,27156,9,260.0,2017-02-12,2,2,2,3
84039,84039,84039,342043,tablet,4132,9,262.0,2017-02-14,2,4,2,3
84040,84040,84040,342043,tablet,6524,9,264.0,2017-02-18,4,2,4,3
84041,84041,84041,342043,tablet,58210,9,268.0,2017-02-20,9999,9999,2,3
