,Unnamed: 0,Unnamed: 0.1,user_id,device_class,city_id,nr_trips,checkin,checkout,diff_checkin,diff_checkout,diff_inout,label
84089,84089,84089,342353,mobile,53829,9,0.0,2016-08-13,4,5,4,3
84090,84090,84090,342353,mobile,19356,9,4.0,2016-08-18,5,4,5,3
84091,84091,84091,342353,mobile,15377,9,9.0,2016-08-22,4,1,4,3
84092,84092,84092,342353,mobile,30768,9,13.0,2016-08-23,1,4,1,3
84093,84093,84093,342353,mobile,60274,9,14.0,2016-08-27,65,64,4,3
84094,84094,84094,342353,desktop,43755,9,79.0,2016-10-30,3,3,3,3
84095,84095,84095,342353,mobile,47193,9,82.0,2016-11-02,3,3,3,3
84096,84096,84096,342353,desktop,28479,9,85.0,2016-11-05,3,5,3,3
84097,84097,84097,342353,desktop,0,9,88.0,2016-11-10,9999,9999,5,3
