,Unnamed: 0,Unnamed: 0.1,user_id,device_class,city_id,nr_trips,checkin,checkout,diff_checkin,diff_checkout,diff_inout,label
84894,84894,84894,345658,desktop,3415,9,0.0,2016-04-05,1,4,1,3
84895,84895,84895,345658,desktop,51259,9,1.0,2016-04-09,4,2,4,3
84896,84896,84896,345658,desktop,65663,9,5.0,2016-04-11,2,3,2,3
84897,84897,84897,345658,desktop,51259,9,7.0,2016-04-14,115,115,3,3
84898,84898,84898,345658,tablet,17208,9,122.0,2016-08-07,3,2,3,3
84899,84899,84899,345658,tablet,32392,9,125.0,2016-08-09,2,2,2,3
84900,84900,84900,345658,tablet,45071,9,127.0,2016-08-11,2,3,2,3
84901,84901,84901,345658,tablet,9723,9,129.0,2016-08-14,3,3,3,3
84902,84902,84902,345658,tablet,51517,9,132.0,2016-08-17,9999,9999,3,3
