,Unnamed: 0,Unnamed: 0.1,user_id,device_class,city_id,nr_trips,checkin,checkout,diff_checkin,diff_checkout,diff_inout,label
90825,90825,90825,369499,mobile,25025,9,0.0,2016-07-13,4,3,4,3
90826,90826,90826,369499,mobile,25025,9,4.0,2016-07-16,3,3,3,3
90827,90827,90827,369499,mobile,25025,9,7.0,2016-07-19,3,5,3,3
90828,90828,90828,369499,mobile,25025,9,10.0,2016-07-24,5,5,5,3
90829,90829,90829,369499,mobile,0,9,15.0,2016-07-29,29,30,5,3
90830,90830,90830,369499,mobile,25025,9,44.0,2016-08-28,6,7,6,3
90831,90831,90831,369499,mobile,25025,9,50.0,2016-09-04,7,3,7,3
90832,90832,90832,369499,mobile,25025,9,57.0,2016-09-07,3,1,3,3
90833,90833,90833,369499,mobile,0,9,60.0,2016-09-08,9999,9999,1,3
