,Unnamed: 0,Unnamed: 0.1,user_id,device_class,city_id,nr_trips,checkin,checkout,diff_checkin,diff_checkout,diff_inout,label
91189,91189,91189,371008,mobile,43306,9,0.0,2016-03-09,1,2,1,3
91190,91190,91190,371008,mobile,19444,9,1.0,2016-03-11,2,1,2,3
91191,91191,91191,371008,mobile,62950,9,3.0,2016-03-12,1,1,1,3
91192,91192,91192,371008,mobile,36170,9,4.0,2016-03-13,88,89,1,3
91193,91193,91193,371008,mobile,27404,9,92.0,2016-06-10,2,3,2,3
91194,91194,91194,371008,desktop,33420,9,94.0,2016-06-13,3,4,3,3
91195,91195,91195,371008,mobile,56893,9,97.0,2016-06-17,4,2,4,3
91196,91196,91196,371008,mobile,49818,9,101.0,2016-06-19,2,2,2,3
91197,91197,91197,371008,mobile,0,9,103.0,2016-06-21,9999,9999,2,3
