,Unnamed: 0,Unnamed: 0.1,user_id,device_class,city_id,nr_trips,checkin,checkout,diff_checkin,diff_checkout,diff_inout,label
91285,91285,91285,371388,mobile,21587,9,0.0,2016-03-15,1,4,1,3
91286,91286,91286,371388,mobile,21587,9,1.0,2016-03-19,4,3,4,3
91287,91287,91287,371388,mobile,7671,9,5.0,2016-03-22,3,1,3,3
91288,91288,91288,371388,mobile,2122,9,8.0,2016-03-23,106,106,1,3
91289,91289,91289,371388,mobile,21267,9,114.0,2016-07-07,1,2,1,3
91290,91290,91290,371388,mobile,48816,9,115.0,2016-07-09,2,2,2,3
91291,91291,91291,371388,mobile,36644,9,117.0,2016-07-11,2,2,2,3
91292,91292,91292,371388,mobile,27950,9,119.0,2016-07-13,2,1,2,3
91293,91293,91293,371388,mobile,53859,9,121.0,2016-07-14,9999,9999,1,3
