,Unnamed: 0,Unnamed: 0.1,user_id,device_class,city_id,nr_trips,checkin,checkout,diff_checkin,diff_checkout,diff_inout,label
92317,92317,92317,375251,mobile,51259,9,0.0,2016-03-14,2,2,2,3
92318,92318,92318,375251,desktop,52818,9,2.0,2016-03-16,2,2,2,3
92319,92319,92319,375251,mobile,29770,9,4.0,2016-03-18,2,1,2,3
92320,92320,92320,375251,mobile,52818,9,6.0,2016-03-19,1,3,1,3
92321,92321,92321,375251,mobile,52815,9,7.0,2016-03-22,106,111,3,3
92322,92322,92322,375251,mobile,29319,9,113.0,2016-07-11,8,2,8,3
92323,92323,92323,375251,mobile,29319,9,121.0,2016-07-13,2,3,2,3
92324,92324,92324,375251,mobile,48483,9,123.0,2016-07-16,3,5,3,3
92325,92325,92325,375251,mobile,4652,9,126.0,2016-07-21,9999,9999,5,3
