,Unnamed: 0,Unnamed: 0.1,user_id,device_class,city_id,nr_trips,checkin,checkout,diff_checkin,diff_checkout,diff_inout,label
95761,95761,95761,389728,mobile,21578,9,0.0,2016-01-04,1,2,1,3
95762,95762,95762,389728,mobile,21578,9,1.0,2016-01-06,2,2,2,3
95763,95763,95763,389728,mobile,21578,9,3.0,2016-01-08,2,1,2,3
95764,95764,95764,389728,mobile,52815,9,5.0,2016-01-09,89,92,1,3
95765,95765,95765,389728,mobile,21578,9,94.0,2016-04-10,4,5,4,3
95766,95766,95766,389728,mobile,21578,9,98.0,2016-04-15,5,5,5,3
95767,95767,95767,389728,mobile,21578,9,103.0,2016-04-20,5,1,5,3
95768,95768,95768,389728,mobile,21578,9,108.0,2016-04-21,1,1,1,3
95769,95769,95769,389728,mobile,21578,9,109.0,2016-04-22,9999,9999,1,3
