,Unnamed: 0,Unnamed: 0.1,user_id,device_class,city_id,nr_trips,checkin,checkout,diff_checkin,diff_checkout,diff_inout,label
10735,10735,10735,42271,mobile,54706,9,0.0,2016-07-13,4,1,4,3
10736,10736,10736,42271,mobile,20110,9,4.0,2016-07-14,1,1,1,3
10737,10737,10737,42271,mobile,54706,9,5.0,2016-07-15,1,1,1,3
10738,10738,10738,42271,mobile,54706,9,6.0,2016-07-16,1,1,1,3
10739,10739,10739,42271,mobile,54706,9,7.0,2016-07-17,202,203,1,3
10740,10740,10740,42271,desktop,26436,9,209.0,2017-02-05,2,3,2,3
10741,10741,10741,42271,desktop,2369,9,211.0,2017-02-08,3,3,3,3
10742,10742,10742,42271,desktop,46026,9,214.0,2017-02-11,3,1,3,3
10743,10743,10743,42271,desktop,0,9,217.0,2017-02-12,9999,9999,1,3
