,Unnamed: 0,Unnamed: 0.1,user_id,device_class,city_id,nr_trips,checkin,checkout,diff_checkin,diff_checkout,diff_inout,label
12007,12007,12007,47272,tablet,47155,9,0.0,2016-10-29,2,4,2,3
12008,12008,12008,47272,tablet,47976,9,2.0,2016-11-02,4,3,4,3
12009,12009,12009,47272,tablet,61586,9,6.0,2016-11-05,3,3,3,3
12010,12010,12010,47272,tablet,5489,9,9.0,2016-11-08,3,4,3,3
12011,12011,12011,47272,tablet,37761,9,12.0,2016-11-12,14,13,4,3
12012,12012,12012,47272,tablet,45173,9,26.0,2016-11-25,3,2,3,3
12013,12013,12013,47272,tablet,17510,9,29.0,2016-11-27,2,6,2,3
12014,12014,12014,47272,tablet,54085,9,31.0,2016-12-03,6,6,6,3
12015,12015,12015,47272,tablet,56775,9,37.0,2016-12-09,9999,9999,6,3
