,Unnamed: 0,Unnamed: 0.1,user_id,device_class,city_id,nr_trips,checkin,checkout,diff_checkin,diff_checkout,diff_inout,label
17667,17667,17667,70048,tablet,47499,9,0.0,2016-04-23,2,2,2,3
17668,17668,17668,70048,tablet,11783,9,2.0,2016-04-25,2,3,2,3
17669,17669,17669,70048,tablet,31057,9,4.0,2016-04-28,3,3,3,3
17670,17670,17670,70048,tablet,9526,9,7.0,2016-05-01,100,98,3,3
17671,17671,17671,70048,mobile,19502,9,107.0,2016-08-07,1,1,1,3
17672,17672,17672,70048,mobile,57920,9,108.0,2016-08-08,1,14,1,3
17673,17673,17673,70048,tablet,21555,9,109.0,2016-08-22,14,2,14,3
17674,17674,17674,70048,tablet,66648,9,123.0,2016-08-24,2,2,2,3
17675,17675,17675,70048,mobile,3763,9,125.0,2016-08-26,9999,9999,2,3
