,Unnamed: 0,Unnamed: 0.1,user_id,device_class,city_id,nr_trips,checkin,checkout,diff_checkin,diff_checkout,diff_inout,label
1969,1969,1969,8042,mobile,24203,9,0.0,2016-02-15,1,2,1,3
1970,1970,1970,8042,mobile,28115,9,1.0,2016-02-17,2,2,2,3
1971,1971,1971,8042,mobile,51517,9,3.0,2016-02-19,7,7,2,3
1972,1972,1972,8042,mobile,19386,9,10.0,2016-02-26,2,4,2,3
1973,1973,1973,8042,mobile,0,9,12.0,2016-03-01,15,14,4,3
1974,1974,1974,8042,mobile,51517,9,27.0,2016-03-15,3,1,3,3
1975,1975,1975,8042,mobile,51517,9,30.0,2016-03-16,1,2,1,3
1976,1976,1976,8042,mobile,19386,9,31.0,2016-03-18,2,2,2,3
1977,1977,1977,8042,mobile,0,9,33.0,2016-03-20,9999,9999,2,3
