,time,event
0,2,1
1,2,75
2,5,15
3,7,2
4,9,1
5,14,4
6,15,1
7,20,1
8,21,9
9,22,106
10,24,15
11,26,2
12,26,9
13,27,10
14,32,4
15,32,3
16,34,35
17,36,2
18,40,2
19,41,15
20,41,1
21,43,1
22,47,15
23,47,1
24,50,1
25,51,4
26,52,34
27,62,1
28,63,1
29,65,1
30,65,11
31,66,28
32,66,1
33,67,2
34,67,3
35,69,34
36,69,4
37,70,9
38,71,3
39,71,10
40,72,1
41,76,1
42,77,4
43,77,2
44,86,1
45,87,3
46,88,4
47,89,2
48,89,1
49,90,1
50,90,9
51,93,57
52,93,9
53,95,1
54,98,1
55,102,4
56,103,34
57,103,3
58,105,1
59,108,4
60,111,1
61,112,4
62,112,76
63,112,1
64,113,4
65,113,1
66,115,2
67,115,33
68,116,1
69,116,101
70,117,34
71,117,11
72,118,7
73,120,1
74,120,9
75,123,57
76,123,1
77,125,15
78,125,1
79,127,2
80,127,1
81,128,9
82,129,15
83,130,53
84,131,34
85,131,1
86,132,34
87,132,15
88,134,2
89,134,3
90,135,1
91,137,1
92,139,34
93,139,15
94,140,11
95,142,1
96,145,2
97,145,3
98,146,1
99,147,4
100,147,20
101,147,15
102,148,2
103,148,1
104,148,9
105,150,34
106,151,34
107,153,15
108,153,1
109,154,1
110,155,34
111,155,2
112,157,34
113,158,1
114,162,20
115,162,15
116,163,34
117,165,2
118,166,1
119,168,2
120,169,1
121,170,1
122,171,1
123,172,4
124,173,4
125,173,2
126,173,1
127,178,3
128,178,18
129,196,4
130,196,1
131,197,2
132,197,3
133,197,1
134,198,24
135,203,1
136,204,1
137,205,2
138,206,34
139,206,2
140,206,1
141,207,80
142,207,57
143,207,3
144,207,1
145,210,20
146,210,1
147,211,34
148,211,28
149,211,3
150,214,2
151,216,1
152,217,20
153,218,58
154,218,3
155,218,11
156,220,1
157,221,20
158,223,20
159,225,24
160,225,1
161,226,1
162,226,11
163,227,1
164,228,20
165,228,3
166,230,20
167,230,2
168,230,1
169,232,1
170,233,2
171,234,20
172,234,1
173,235,34
174,236,2
175,240,3
176,241,1
177,241,10
178,242,1
179,243,2
180,243,1
181,251,57
182,251,1
183,252,1
184,253,2
185,254,1
186,254,10
187,256,1
188,257,10
189,258,1
190,262,2
191,263,4
192,263,20
193,266,1
194,267,2
195,268,3
196,269,15
197,272,34
198,272,57
199,272,2
200,273,1
201,277,1
202,278,15
203,278,1
204,279,34
205,280,2
206,281,4
207,281,101
208,282,4
209,282,1
210,283,1
211,285,61
212,285,57
213,285,35
214,286,4
215,286,2
216,286,1
217,288,3
218,294,2
219,298,1
220,299,4
221,299,3
222,300,4
223,300,43
224,300,15
225,300,2
226,300,1
227,301,2
228,306,76
229,306,1
230,307,34
231,307,15
232,307,2
233,310,2
234,310,1
235,311,1
236,313,1
237,315,101
238,316,3
239,317,1
240,318,1
241,321,1
242,322,1
243,324,2
244,324,1
245,326,1
246,329,3
247,331,1
248,332,3
249,332,1
250,333,2
251,335,3
252,337,1
253,338,3
254,341,1
255,341,10
256,344,1
257,345,2
258,347,3
259,348,1
260,349,4
261,349,55
262,349,1
263,351,3
264,353,3
265,354,3
266,355,1
267,356,4
268,356,2
269,358,2
270,358,1
271,359,2
272,359,1
273,360,1
274,361,1
275,361,101
276,363,1
277,364,1
278,365,2
279,366,4
280,366,1
281,367,3
282,368,1
283,368,8
284,369,72
285,372,18
286,372,11
287,373,4
288,373,1
289,374,1
290,375,2
291,375,1
292,376,1
293,377,1
294,378,57
295,378,3
296,378,1
297,380,1
298,382,3
299,382,1
300,383,1
301,383,11
302,384,2
303,384,1
304,385,34
305,385,4
306,385,2
307,386,76
308,386,10
309,388,11
310,389,1
311,390,1
312,390,10
313,392,1
314,393,2
315,394,1
316,396,1
317,399,1
318,400,1
319,401,2
320,401,1
321,402,1
322,403,3
323,404,11
324,405,79
325,405,1
326,407,15
327,407,1
328,408,22
329,409,3
330,416,3
331,416,11
332,417,1
333,418,28
334,418,3
335,418,1
336,418,8
337,419,1
338,420,1
339,421,1
340,422,2
341,422,1
342,423,3
343,423,18
344,424,3
345,425,1
346,428,58
347,428,1
348,429,57
349,429,1
350,431,1
351,432,1
352,432,11
353,433,2
354,433,1
355,433,11
356,434,4
357,434,135
358,435,1
359,436,3
360,436,1
361,437,1
362,438,2
363,438,3
364,439,79
365,439,1
366,440,34
367,440,15
368,441,1
369,442,1
370,443,1
371,443,10
372,445,3
373,445,11
374,446,34
375,446,1
376,447,15
377,447,1
378,449,4
379,449,1
380,451,3
381,451,9
382,451,11
383,452,1
384,453,55
385,453,1
386,454,11
387,456,1
388,457,74
389,457,2
390,457,1
391,460,1
392,461,26
393,461,1
394,464,1
395,465,2
396,466,11
397,467,1
398,468,3
399,470,1
400,472,1
401,473,2
402,474,3
403,476,1
404,476,9
405,477,7
406,478,2
407,478,1
408,480,1
409,481,21
410,482,1
411,483,61
412,483,46
413,483,15
414,483,1
415,484,2
416,484,24
417,484,1
418,485,1
419,486,4
420,486,1
421,489,74
422,489,15
423,489,2
424,489,24
425,489,3
426,489,1
427,489,52
428,490,67
429,490,3
430,492,69
431,492,18
432,493,80
433,493,25
434,493,18
435,493,1
436,494,16
437,495,1
438,496,3
439,496,1
440,497,46
441,497,11
442,498,3
443,498,1
444,498,11
445,499,1
446,500,1
447,502,2
448,502,1
449,503,22
450,503,1
451,505,11
452,506,1
453,507,1
454,507,11
455,508,1
456,509,34
457,510,1
458,511,1
459,511,101
460,513,1
461,514,4
462,514,1
463,515,11
464,516,2
465,516,3
466,517,11
467,519,3
468,539,1
469,539,52
470,541,3
471,541,1
472,542,1
473,544,1
474,545,15
475,545,1
476,545,9
477,546,4
478,546,1
479,547,1
480,548,2
481,550,4
482,550,57
483,550,18
484,551,34
485,552,20
486,554,1
487,555,2
488,557,2
489,558,28
490,558,20
491,558,1
492,559,15
493,559,1
494,559,9
495,561,3
496,561,1
497,561,11
498,562,76
499,562,1
500,563,18
501,563,11
502,564,15
503,564,2
504,566,15
505,566,1
506,566,10
507,567,1
508,569,1
509,570,1
510,571,58
511,571,1
512,572,15
513,573,15
514,574,2
515,574,24
516,574,39
517,574,1
518,575,2
519,576,15
520,577,34
521,577,1
522,577,9
523,577,11
524,578,4
525,578,3
526,578,1
527,579,11
528,581,13
529,582,34
530,582,2
531,583,1
532,584,18
533,585,1
534,586,1
535,586,40
536,587,15
537,587,1
538,589,3
539,589,1
540,590,2
541,590,76
542,590,1
543,590,11
544,591,34
545,592,34
546,592,1
547,593,1
548,594,15
549,595,3
550,596,1
551,596,7
552,597,34
553,597,18
554,598,4
555,598,2
556,599,11
557,603,1
558,604,1
559,605,1
560,609,11
561,610,2
562,610,1
563,612,15
564,612,2
565,612,11
566,616,4
567,616,1
568,617,4
569,618,11
570,619,2
571,622,4
572,622,1
573,625,15
574,625,12
575,626,1
576,629,2
577,629,3
578,629,65
579,629,11
580,630,1
581,631,1
582,631,11
583,633,10
584,634,11
585,635,1
586,636,1
587,636,8
588,636,11
589,637,55
590,637,1
591,640,1
592,641,2
593,641,1
594,641,11
595,642,1
596,643,18
597,643,101
598,644,28
599,644,2
600,644,1
601,644,8
602,644,72
603,646,1
604,648,1
605,650,1
606,651,57
607,651,3
608,651,11
609,652,58
610,652,3
611,652,1
612,652,54
613,653,2
614,653,3
615,653,1
616,654,4
617,654,11
618,655,28
619,655,1
620,656,46
621,656,1
622,656,11
623,657,15
624,657,1
625,658,4
626,658,11
627,658,10
628,659,1
629,660,4
630,660,3
631,661,1
632,661,11
633,662,11
634,663,3
635,664,34
636,664,4
637,664,2
638,664,1
639,665,101
640,666,1
641,666,11
642,669,14
643,669,2
644,670,1
645,671,1
646,671,54
647,673,15
648,673,76
649,674,3
650,675,11
651,676,15
652,676,11
653,677,57
654,677,1
655,678,1
656,679,1
657,680,1
658,682,1
659,683,3
660,683,1
661,684,3
662,689,11
663,690,68
664,690,1
665,690,11
666,691,1
667,692,15
668,692,2
669,692,18
670,692,1
671,693,1
672,694,10
673,696,1
674,698,4
675,698,2
676,699,1
677,699,54
678,700,1
679,700,101
680,702,4
681,703,1
682,704,1
683,705,34
684,705,1
685,706,5
686,706,21
687,706,15
688,706,2
689,706,1
690,706,101
691,708,2
692,708,1
693,710,11
694,711,15
695,711,11
696,712,3
697,714,2
698,714,16
699,714,1
700,715,1
701,716,14
702,716,2
703,716,11
704,717,1
705,717,11
706,718,1
707,719,34
708,719,1
709,719,11
710,720,2
711,720,1
712,720,11
713,721,15
714,722,10
715,724,2
716,724,3
717,726,34
718,726,1
719,727,76
720,727,3
721,727,1
722,729,1
