,id,time,event,option1
0,54413473,0.0,drama,
1,54413473,0.03125,drama,
2,54413473,0.08072916666666667,drama,
3,54413473,0.11060185185185185,drama,
4,54413473,0.21508101851851852,drama,
5,54413473,0.2445138888888889,drama,
6,54413473,0.27422453703703703,drama,
7,54413473,0.33371527777777776,drama,
8,54413473,0.3633449074074074,drama,
9,54413473,0.3933101851851852,drama,
10,54413473,0.4035648148148148,drama,
11,54413473,0.40434027777777776,drama,
12,54413473,0.40756944444444443,drama,
13,54413473,0.4371990740740741,drama,
14,54413473,0.46728009259259257,drama,
15,54413473,0.49689814814814814,drama,
16,54413473,0.8884606481481482,drama,
17,54413473,0.9174074074074074,drama,
18,54413473,0.9497106481481481,drama,
19,54413473,0.9845138888888889,drama,
20,54413473,1.1568634259259258,drama,
21,54413473,1.1801504629629629,drama,
22,54413473,1.1925810185185186,others,
23,54413473,1.2077777777777778,drama,
24,54413473,1.2101157407407408,drama,
25,54413473,1.2257638888888889,drama,
26,54413473,1.241238425925926,drama,
27,54413473,1.2568518518518519,drama,
28,54413473,1.272210648148148,drama,
29,54413473,1.2875810185185186,drama,
30,54413473,1.3029398148148148,drama,
31,54413473,1.318425925925926,drama,
32,54413473,1.3338773148148149,drama,
33,54413473,1.3494097222222223,drama,
34,54413473,1.9559722222222222,drama,
35,54413473,1.958125,drama,
36,54413473,1.9734606481481483,drama,
37,54413473,1.9806597222222222,drama,
38,54413473,1.993460648148148,drama,
39,54413473,2.0441319444444446,drama,
40,54413473,2.059548611111111,drama,
41,54413473,2.0750810185185187,drama,
42,54413473,2.0907291666666667,drama,
43,54413473,2.106400462962963,drama,
44,54413473,2.1219212962962963,drama,
45,54413473,2.1373148148148147,drama,
46,54413473,2.1525578703703703,drama,
47,54413473,2.1702662037037035,drama,
48,54413473,2.1858449074074073,drama,
49,54413473,2.2011921296296295,drama,
50,54413473,2.217928240740741,drama,
51,54413473,2.2332870370370372,drama,
52,54413473,2.2539814814814814,drama,
53,54413473,2.269398148148148,drama,
54,54413473,2.3629050925925927,drama,
55,54413473,2.377152777777778,drama,
56,54413473,2.3842708333333333,drama,
57,54413473,2.3921064814814814,drama,
58,54413473,2.3952199074074074,drama,
59,54413473,2.410671296296296,drama,
60,54413473,2.426863425925926,drama,
61,54413473,2.4430555555555555,drama,
62,54413473,2.4585069444444443,drama,
63,54413473,2.473761574074074,drama,
64,54413473,2.478263888888889,drama,
65,54413473,2.493738425925926,drama,
66,54413473,5.945706018518519,drama,
67,54413473,5.947337962962963,drama,
68,54413473,5.97568287037037,drama,
69,54413473,6.003923611111111,drama,
70,54413473,6.033136574074074,drama,
71,54413473,6.061446759259259,drama,
72,54413473,6.123055555555555,drama,
73,54413473,6.150358796296296,drama,
74,54413473,6.177662037037037,drama,
75,54413473,6.206180555555555,drama,
76,54413473,6.235034722222222,drama,
77,54413473,6.268680555555555,drama,
78,54413473,6.272754629629629,drama,
79,54413473,6.288703703703704,drama,
80,54413473,6.318761574074074,drama,
81,54413473,6.976412037037037,drama,
82,54413473,6.981423611111111,drama,
83,54413473,6.996365740740741,drama,
84,54413473,7.011435185185185,drama,
85,54413473,7.026747685185185,drama,
86,54413473,7.042222222222223,drama,
87,54413473,7.068333333333333,drama,
88,54413473,7.083726851851852,drama,
89,54413473,7.099027777777778,drama,
90,54413473,7.114444444444445,drama,
91,54413473,7.129965277777778,drama,
92,54413473,7.145358796296296,drama,
93,54413473,7.16087962962963,drama,
94,54413473,7.176423611111111,drama,
95,54413473,7.223414351851852,drama,
96,54413473,7.238587962962963,drama,
97,54413473,7.256516203703704,drama,
98,54413473,7.271736111111111,drama,
99,54413473,7.286921296296296,drama,
100,54413473,7.3025115740740745,drama,
101,54413473,7.317743055555556,drama,
102,54413473,7.333043981481482,drama,
103,54413473,7.348298611111111,drama,
104,54413473,7.363599537037037,drama,
105,54413473,7.379085648148148,drama,
106,54413473,7.394351851851852,drama,
107,54413473,7.409837962962963,drama,
108,54413473,7.42525462962963,drama,
109,54413473,7.440613425925926,drama,
110,54413473,7.45587962962963,drama,
111,54413473,9.325474537037037,drama,
112,54413473,9.326342592592592,drama,
113,54413473,9.3271875,drama,
114,54413473,9.337476851851852,drama,
115,54413473,9.352858796296296,drama,
116,54413473,9.368194444444445,drama,
117,54413473,9.383472222222222,drama,
118,54413473,9.398854166666666,drama,
119,54413473,9.414259259259259,drama,
120,54413473,9.42954861111111,drama,
121,54413473,9.444942129629629,drama,
122,54413473,9.460555555555555,drama,
123,54413473,9.476979166666666,drama,
124,54413473,9.523275462962962,drama,
125,54413473,9.538715277777778,drama,
126,54413473,9.554108796296296,drama,
127,54413473,10.693206018518518,drama,
128,54413473,10.709270833333333,drama,
129,54413473,10.724641203703703,drama,
130,54413473,10.740185185185185,drama,
131,54413473,10.75568287037037,drama,
132,54413473,10.771192129629629,drama,
133,54413473,10.786423611111111,drama,
134,54413473,10.801967592592593,drama,
135,54413473,10.817349537037037,drama,
136,54413473,11.202106481481481,drama,
137,54413473,11.224722222222223,drama,
138,54413473,11.242569444444445,drama,
139,54413473,11.258298611111112,drama,
140,54413473,16.199513888888887,others,
141,54413473,16.22144675925926,others,
142,54413473,16.961342592592594,others,
143,54413473,17.21449074074074,others,
144,54413473,17.27261574074074,others,
145,54413473,18.20315972222222,others,
146,54413473,18.28355324074074,others,
147,54413473,18.28445601851852,others,
148,54413473,19.191388888888888,others,
149,54413473,19.25457175925926,others,
150,54413473,19.337222222222223,others,
151,54413473,19.389652777777776,sports,
152,54413473,19.397939814814816,others,
153,54413473,19.41290509259259,others,
154,54413473,19.474386574074074,others,
155,54413473,19.475,others,
156,54413473,19.483090277777777,kids,
157,54413473,19.491400462962964,others,
158,54413473,20.045439814814817,others,
159,54413473,20.167349537037037,others,
160,54413473,20.187581018518518,others,
161,54413473,20.208252314814814,others,
162,54413473,20.236041666666665,others,
163,54413473,20.25900462962963,movie,
164,54413473,20.268310185185186,others,
165,54413473,21.048958333333335,kids,
166,54413473,21.102847222222223,others,
167,54413473,21.106145833333333,others,
168,54413473,21.226967592592594,sports,
169,54413473,21.231493055555557,others,
170,54413473,21.486458333333335,others,
171,54413473,21.959907407407407,others,
172,54413473,22.038449074074073,others,
173,54413473,22.089641203703703,others,
174,54413473,22.127916666666668,others,
175,54413473,22.139409722222222,others,
176,54413473,22.14744212962963,others,
177,54413473,22.235694444444444,movie,
178,54413473,22.288425925925925,others,
179,54413473,22.41417824074074,others,
180,54413473,22.91849537037037,movie,
181,54413473,23.187314814814815,movie,
182,54413473,23.274930555555557,kids,
183,54413473,23.39494212962963,movie,
184,54413473,23.397199074074074,others,
185,54413473,23.43925925925926,news,
186,54413473,23.443032407407408,drama,
187,54413473,23.458090277777778,others,
188,54413473,23.46153935185185,movie,
189,54413473,23.46962962962963,movie,
190,54413473,23.933877314814815,others,
191,54413473,24.032604166666665,others,
192,54413473,24.064502314814813,others,
193,54413473,24.06892361111111,drama,
194,54413473,24.132407407407406,movie,
195,54413473,24.134085648148147,movie,
196,54413473,24.141921296296296,others,
197,54413473,24.14704861111111,movie,
198,54413473,24.19505787037037,others,
199,54413473,24.907453703703705,drama,
200,54413473,24.944756944444446,drama,
201,54413473,24.973078703703703,drama,
202,54413473,25.002164351851853,drama,
203,54413473,25.030601851851852,drama,
204,54413473,25.065810185185185,drama,
205,54413473,25.094143518518518,drama,
206,54413473,25.122210648148148,drama,
207,54413473,25.161655092592593,drama,
208,54413473,25.190844907407406,drama,
209,54413473,25.219467592592594,drama,
210,54413473,25.24761574074074,drama,
211,54413473,25.335868055555554,drama,
212,54413473,25.337824074074074,drama,
213,54413473,25.341041666666666,drama,
214,54413473,25.344768518518517,drama,
215,54413473,25.360983796296296,drama,
216,54413473,25.376319444444444,drama,
217,54413473,25.391655092592593,drama,
218,54413473,25.40712962962963,drama,
219,54413473,25.422511574074075,drama,
220,54413473,25.437708333333333,drama,
221,54413473,25.453298611111112,drama,
222,54413473,25.468738425925928,drama,
223,54413473,25.601979166666666,drama,
224,54413473,26.023020833333334,drama,
225,54413473,26.029930555555556,drama,
226,54413473,26.045613425925925,drama,
227,54413473,26.047824074074075,drama,
228,54413473,26.04883101851852,drama,
229,54413473,26.07548611111111,drama,
230,54413473,26.103587962962962,drama,
231,54413473,26.119328703703705,drama,
232,54413473,26.13491898148148,drama,
233,54413473,26.150300925925926,drama,
234,54413473,26.165949074074074,drama,
235,54413473,26.181435185185187,drama,
236,54413473,26.1971875,drama,
237,54413473,26.21269675925926,drama,
238,54413473,26.228194444444444,drama,
239,54413473,26.24392361111111,drama,
240,54413473,26.25778935185185,drama,
241,54413473,26.273356481481482,drama,
242,54413473,26.288819444444446,drama,
243,54413473,26.304525462962964,drama,
244,54413473,26.32025462962963,drama,
245,54413473,26.345625,drama,
246,54413473,26.361064814814814,drama,
247,54413473,26.39064814814815,drama,
248,54413473,26.391631944444445,drama,
249,54413473,26.395636574074075,drama,
250,54413473,26.397060185185186,drama,
251,54413473,26.415497685185183,drama,
252,54413473,26.431018518518517,drama,
253,54413473,26.446354166666666,drama,
254,54413473,27.249699074074073,others,
255,54413473,27.251550925925926,others,
256,54413473,27.84835648148148,others,
257,54413473,27.85796296296296,others,
258,54413473,27.884988425925926,others,
259,54413473,27.889166666666668,others,
260,54413473,27.901192129629628,others,
261,54413473,27.95982638888889,others,
262,54413473,27.96298611111111,others,
263,54413473,27.971493055555555,others,
264,54413473,28.39587962962963,movie,
265,54413473,28.41059027777778,drama,
266,54413473,28.43021990740741,others,
267,54413473,28.98116898148148,others,
268,54413473,29.06747685185185,others,
269,54413473,29.1396875,movie,
270,54413473,29.28201388888889,others,
271,54413473,29.849664351851853,others,
272,54413473,29.89545138888889,others,
273,54413473,29.900520833333335,others,
274,54413473,29.906909722222224,others,
275,54413473,29.976238425925924,others,
276,54413473,29.99041666666667,others,
277,54413473,30.171400462962964,others,
278,54413473,30.2390625,drama,
279,54413473,32.017858796296295,others,
280,54413473,35.92319444444445,others,
281,54413473,35.977789351851854,others,
282,54413473,36.33063657407408,others,
283,54413473,36.49755787037037,drama,
284,54413473,36.52634259259259,drama,
285,54413473,36.554652777777775,drama,
286,54413473,39.95809027777778,others,
287,54413473,39.982256944444444,others,
288,54413473,40.449502314814815,movie,
289,54413473,40.450949074074074,movie,
290,54413473,40.45155092592593,movie,
291,54413473,40.45392361111111,movie,
292,54413473,40.45550925925926,movie,
293,54413473,40.484780092592594,movie,
294,54413473,40.510104166666665,movie,
295,54413473,40.539791666666666,movie,
296,54413473,40.57043981481481,movie,
297,54413473,40.59962962962963,movie,
298,54413473,48.03422453703703,drama,
299,54413473,48.06494212962963,drama,
300,54413473,48.087916666666665,others,
301,54413473,54.29119212962963,drama,
302,54413473,54.29375,drama,
303,54413473,54.31321759259259,drama,
304,54413473,54.34207175925926,drama,
305,54413473,54.37085648148148,drama,
306,54413473,54.39939814814815,drama,
307,54413473,54.47600694444444,drama,
308,54413473,54.50709490740741,drama,
309,54413473,54.8940625,drama,
310,54413473,54.9227662037037,drama,
311,54413473,54.97314814814815,drama,
312,54413473,55.05034722222222,drama,
313,54413473,55.07893518518519,drama,
314,54413473,55.15371527777778,drama,
315,54413473,55.18265046296296,drama,
316,54413473,55.21092592592593,drama,
317,54413473,55.24048611111111,drama,
318,54413473,55.314791666666665,drama,
319,54413473,55.373125,drama,
320,54413473,55.40172453703704,drama,
321,54413473,55.43025462962963,drama,
322,54413473,55.908680555555556,drama,
323,54413473,56.17979166666667,drama,
324,54413473,56.208391203703705,drama,
325,54413473,56.23715277777778,drama,
326,54413473,56.244108796296295,drama,
327,54413473,56.25962962962963,drama,
328,54413473,56.28797453703704,drama,
329,54413473,56.32063657407407,movie,
330,54413473,56.34581018518519,economy,
331,54413473,56.37613425925926,economy,
332,54413473,56.40461805555555,economy,
333,54413473,56.433449074074076,economy,
334,54413473,57.28630787037037,economy,
335,54413473,57.289282407407406,economy,
336,54413473,57.31811342592592,economy,
337,54413473,57.34712962962963,economy,
338,54413473,57.37606481481482,economy,
339,54413473,59.37498842592593,movie,
340,54413473,61.89202546296296,economy,
341,54413473,61.92783564814815,economy,
342,54413473,61.95653935185185,economy,
343,54413473,61.98532407407407,economy,
344,54413473,62.014143518518516,economy,
345,54413473,62.04398148148148,economy,
346,54413473,62.072673611111114,economy,
347,54413473,62.09599537037037,economy,
348,54413473,62.12438657407407,economy,
349,54413473,62.15336805555555,economy,
350,54413473,62.182881944444446,economy,
351,54413473,62.21133101851852,economy,
352,54413473,62.240393518518516,economy,
353,54413473,62.26929398148148,economy,
354,54413473,62.29815972222222,economy,
355,54413473,63.166423611111114,drama,
356,54413473,63.19927083333334,drama,
357,54413473,63.261377314814816,drama,
358,54413473,64.09277777777778,movie,
359,54413473,65.90815972222222,movie,
360,54413473,66.4042013888889,economy,
361,54413473,66.40652777777778,economy,
362,54413473,66.40814814814814,economy,
363,54413473,66.41329861111112,drama,
364,54413473,67.4014699074074,drama,
365,54413473,67.40549768518518,drama,
366,54413473,68.32166666666667,drama,
367,54413473,68.35394675925926,drama,
368,54413473,68.40775462962964,drama,
369,54413473,68.46783564814815,drama,
370,54413473,68.59320601851852,movie,
371,54413473,68.68201388888889,drama,
372,54413473,68.68415509259259,drama,
373,54413473,68.69799768518519,drama,
374,54413473,68.72689814814815,drama,
375,54413473,69.2701736111111,others,
376,54413473,69.34012731481481,drama,
377,54413473,69.34788194444444,drama,
378,54413473,69.38105324074074,drama,
379,54413473,69.40921296296297,drama,
380,54413473,69.4369675925926,drama,
381,54413473,69.46462962962963,drama,
382,54413473,69.95427083333334,drama,
383,54413473,69.969375,drama,
384,54413473,70.00003472222222,drama,
385,54413473,70.02819444444444,drama,
386,54413473,70.0564699074074,drama,
387,54413473,70.08447916666667,drama,
388,54413473,70.16429398148148,drama,
389,54413473,70.16592592592593,drama,
390,54413473,70.26006944444444,drama,
391,54413473,70.28774305555555,drama,
392,54413473,70.31625,drama,
393,54413473,70.344375,drama,
394,54413473,70.37799768518518,drama,
395,54413473,70.40631944444445,drama,
396,54413473,70.44526620370371,drama,
397,54413473,70.79290509259259,drama,
398,54413473,71.2564699074074,drama,
399,54413473,71.3672800925926,drama,
400,54413473,71.3689699074074,drama,
401,54413473,71.38753472222223,ads,
402,54413473,71.38878472222223,entertainment,
403,54413473,71.39121527777777,others,
404,54413473,71.39231481481481,others,
405,54413473,72.24850694444444,drama,
406,54413473,72.26590277777778,drama,
407,54413473,72.33310185185185,drama,
408,54413473,72.40834490740741,drama,
409,54413473,72.43719907407407,drama,
410,54413473,73.33270833333333,drama,
411,54413473,73.33674768518519,drama,
412,54413473,73.36122685185185,drama,
413,54413473,73.39924768518519,drama,
414,54413473,73.42877314814815,drama,
415,54413473,73.45703703703704,drama,
416,54413473,73.81450231481482,drama,
417,54413473,74.26087962962963,others,
418,54413473,74.27184027777778,others,
419,54413473,74.27339120370371,others,
420,54413473,74.27686342592592,drama,
421,54413473,74.28528935185186,drama,
422,54413473,74.31353009259259,drama,
423,54413473,74.3418287037037,drama,
424,54413473,74.37596064814815,drama,
425,54413473,74.43255787037037,drama,
426,54413473,74.46159722222222,drama,
427,54413473,74.74966435185185,drama,
428,54413473,75.26815972222222,movie,
429,54413473,75.46118055555556,drama,
430,54413473,75.48377314814815,drama,
431,54413473,75.51451388888889,drama,
432,54413473,75.96565972222223,movie,
433,54413473,76.14130787037037,drama,
434,54413473,76.15362268518518,drama,
435,54413473,76.35278935185185,movie,
436,54413473,76.38649305555556,drama,
437,54413473,76.41421296296296,drama,
438,54413473,76.81881944444444,drama,
439,54413473,76.9274074074074,drama,
440,54413473,76.94732638888888,drama,
441,54413473,76.97788194444445,drama,
442,54413473,77.16556712962964,drama,
443,54413473,77.16728009259259,drama,
444,54413473,77.19613425925925,drama,
445,54413473,77.22719907407408,drama,
446,54413473,77.25605324074074,drama,
447,54413473,77.344375,drama,
448,54413473,77.35813657407408,drama,
449,54413473,77.39342592592592,drama,
450,54413473,77.43128472222222,drama,
451,54413473,77.45934027777778,drama,
452,54413473,77.48771990740741,drama,
453,54413473,78.23934027777777,drama,
454,54413473,78.25987268518519,drama,
455,54413473,78.28832175925926,drama,
456,54413473,78.36182870370371,drama,
457,54413473,78.41603009259259,drama,
458,54413473,78.44533564814814,drama,
459,54413473,78.47439814814815,drama,
460,54413473,78.98856481481481,drama,
461,54413473,78.98934027777777,drama,
462,54413473,79.00554398148148,drama,
463,54413473,79.24681712962963,drama,
464,54413473,79.25196759259259,drama,
465,54413473,79.28065972222223,drama,
466,54413473,79.3121875,drama,
467,54413473,79.37099537037037,drama,
468,54413473,79.371875,drama,
469,54413473,80.3033449074074,drama,
470,54413473,82.39163194444444,drama,
471,54413473,82.42234953703704,drama,
472,54413473,82.4304050925926,drama,
473,54413473,82.43267361111111,drama,
474,54413473,82.43347222222222,drama,
475,54413473,82.43682870370371,drama,
476,54413473,82.44247685185185,drama,
477,54413473,82.47212962962963,drama,
478,54413473,82.50173611111111,drama,
479,54413473,82.53130787037037,drama,
480,54413473,82.560625,drama,
481,54413473,82.91078703703704,drama,
482,54413473,82.91302083333333,drama,
483,54413473,82.94232638888889,drama,
484,54413473,82.97505787037036,drama,
485,54413473,83.02331018518518,others,
486,54413473,83.09141203703703,movie,
487,54413473,83.15982638888889,movie,
488,54413473,83.8518287037037,others,
489,54413473,84.07979166666667,movie,
490,54413473,84.20782407407407,drama,
491,54413473,84.24452546296297,drama,
492,54413473,84.27401620370371,drama,
493,54413473,84.27711805555556,drama,
494,54413473,84.28663194444445,drama,
495,54413473,84.3156712962963,drama,
496,54413473,87.34591435185185,drama,
497,54413473,87.35035879629629,drama,
498,54413473,87.39375,drama,
499,54413473,88.40702546296296,drama,
500,54413473,88.40944444444445,drama,
501,54413473,88.43932870370371,drama,
502,54413473,89.37515046296296,drama,
503,54413473,89.46866898148149,drama,
504,54413473,89.48545138888889,drama,
505,54413473,90.23667824074074,drama,
506,54413473,90.2754861111111,drama,
507,54413473,90.27783564814816,drama,
508,54413473,90.29030092592592,drama,
509,54413473,90.37350694444444,drama,
510,54413473,90.37966435185186,drama,
511,54413473,90.80251157407407,drama,
512,54413473,90.81234953703704,drama,
513,54413473,91.39043981481481,drama,
514,54413473,91.90760416666667,drama,
515,54413473,91.93009259259259,drama,
516,54413473,91.95944444444444,drama,
517,54413473,91.98768518518519,drama,
518,54413473,92.09549768518518,drama,
519,54413473,92.1103125,drama,
520,54413473,92.13348379629629,drama,
521,54413473,92.17591435185186,drama,
522,54413473,92.20510416666667,drama,
523,54413473,92.23886574074074,drama,
524,54413473,92.27145833333333,drama,
525,54413473,92.30541666666667,drama,
526,54413473,92.34075231481482,drama,
527,54413473,92.37299768518518,drama,
528,54413473,92.41693287037037,drama,
529,54413473,92.4184375,drama,
530,54413473,92.4466550925926,drama,
531,54413473,92.48278935185185,drama,
532,54413473,93.09664351851852,drama,
533,54413473,93.09758101851853,drama,
534,54413473,93.09872685185185,drama,
535,54413473,93.1150462962963,drama,
536,54413473,93.14694444444444,drama,
537,54413473,93.23648148148148,drama,
538,54413473,93.27633101851852,drama,
539,54413473,93.30792824074074,drama,
540,54413473,93.34042824074074,drama,
541,54413473,93.47418981481482,drama,
542,54413473,93.49416666666667,drama,
543,54413473,93.61333333333333,others,
544,54413473,93.67104166666667,drama,
545,54413473,93.67288194444444,drama,
546,54413473,93.6853125,drama,
547,54413473,93.68648148148148,drama,
548,54413473,93.68778935185185,drama,
549,54413473,93.71047453703704,drama,
550,54413473,93.73666666666666,drama,
551,54413473,93.7515625,drama,
552,54413473,93.78107638888889,drama,
553,54413473,93.80756944444444,drama,
554,54413473,93.83673611111111,drama,
555,54413473,93.90476851851852,drama,
556,54413473,93.90662037037038,drama,
557,54413473,93.9347337962963,drama,
558,54413473,93.96268518518518,drama,
559,54413473,93.99064814814815,drama,
560,54413473,94.01876157407408,drama,
561,54413473,94.04670138888889,drama,
562,54413473,94.07462962962963,drama,
563,54413473,94.103125,drama,
564,54413473,94.16748842592592,drama,
565,54413473,94.2215625,drama,
566,54413473,94.24912037037036,drama,
567,54413473,94.27743055555555,drama,
568,54413473,94.31949074074075,drama,
569,54413473,94.48483796296296,drama,
570,54413473,94.52082175925926,drama,
571,54413473,95.3262037037037,drama,
572,54413473,95.35443287037037,drama,
573,54413473,95.39466435185186,drama,
574,54413473,95.4225925925926,drama,
575,54413473,96.27340277777778,drama,
576,54413473,96.2744212962963,drama,
577,54413473,96.27519675925926,drama,
578,54413473,96.29998842592593,drama,
579,54413473,96.32827546296296,drama,
580,54413473,96.384375,drama,
581,54413473,96.53538194444444,drama,
582,54413473,96.9329861111111,drama,
583,54413473,96.96262731481481,drama,
584,54413473,96.99168981481482,drama,
585,54413473,97.02174768518519,drama,
586,54413473,97.05108796296297,drama,
587,54413473,97.08021990740741,drama,
588,54413473,97.10273148148148,drama,
589,54413473,97.11957175925926,drama,
590,54413473,97.14127314814814,drama,
591,54413473,97.1630787037037,drama,
592,54413473,97.21777777777778,drama,
593,54413473,97.22216435185184,drama,
594,54413473,97.24731481481481,drama,
595,54413473,97.27712962962963,drama,
596,54413473,97.30650462962963,drama,
597,54413473,97.33601851851851,drama,
598,54413473,97.49879629629629,drama,
599,54413473,97.52828703703703,drama,
600,54413473,97.55788194444445,drama,
601,54413473,97.9517824074074,drama,
602,54413473,98.02064814814815,drama,
603,54413473,98.02174768518519,drama,
604,54413473,98.03725694444445,drama,
605,54413473,98.07954861111111,drama,
606,54413473,98.10815972222223,drama,
607,54413473,98.11111111111111,drama,
608,54413473,98.13056712962963,drama,
609,54413473,98.20612268518518,drama,
610,54413473,98.22726851851851,drama,
611,54413473,98.23958333333333,drama,
612,54413473,98.26827546296296,drama,
613,54413473,98.29719907407407,drama,
614,54413473,98.32585648148148,drama,
615,54413473,98.35435185185185,drama,
616,54413473,98.38295138888888,drama,
617,54413473,98.41101851851852,drama,
618,54413473,98.44099537037037,drama,
619,54413473,98.4694675925926,drama,
620,54413473,99.2425462962963,drama,
621,54413473,99.2453587962963,drama,
622,54413473,99.27376157407407,drama,
623,54413473,99.30234953703703,drama,
624,54413473,99.36403935185186,drama,
625,54413473,99.39299768518518,drama,
626,54413473,99.4215625,drama,
627,54413473,100.01317129629629,movie,
628,54413473,100.05993055555555,movie,
629,54413473,100.12328703703703,others,
630,54413473,100.13256944444444,movie,
631,54413473,100.2977662037037,drama,
632,54413473,100.29859953703703,drama,
633,54413473,100.33072916666667,drama,
634,54413473,100.33621527777778,drama,
635,54413473,100.38340277777777,drama,
636,54413473,100.41244212962962,drama,
637,54413473,101.33018518518519,drama,
638,54413473,101.34204861111111,drama,
639,54413473,101.37128472222223,drama,
640,54413473,101.38190972222222,drama,
641,54413473,101.41170138888889,drama,
642,54413473,103.295625,drama,
643,54413473,103.33990740740741,drama,
644,54413473,103.35023148148149,drama,
645,54413473,103.36736111111111,drama,
646,54413473,103.38527777777777,drama,
647,54413473,103.9840625,drama,
648,54413473,104.01337962962963,drama,
649,54413473,104.04267361111111,drama,
650,54413473,104.18984953703703,drama,
651,54413473,104.21996527777777,drama,
652,54413473,104.25064814814814,others,
653,54413473,104.26880787037037,drama,
654,54413473,104.2997800925926,drama,
655,54413473,104.32961805555556,drama,
656,54413473,104.53910879629629,drama,
657,54413473,104.91373842592593,drama,
658,54413473,105.14230324074074,drama,
659,54413473,105.17237268518518,drama,
660,54413473,105.20221064814815,drama,
661,54413473,105.23269675925926,drama,
662,54413473,105.26320601851852,drama,
663,54413473,105.29391203703703,drama,
664,54413473,105.32399305555556,drama,
665,54413473,105.38115740740741,drama,
666,54413473,105.4115625,drama,
667,54413473,106.2384375,drama,
668,54413473,106.2730787037037,drama,
669,54413473,106.30262731481481,drama,
670,54413473,106.33123842592593,drama,
671,54413473,106.33597222222222,drama,
672,54413473,106.42708333333333,drama,
673,54413473,107.25284722222223,drama,
674,54413473,107.25768518518518,drama,
675,54413473,107.26061342592592,drama,
676,54413473,108.00444444444445,movie,
677,54413473,109.34229166666667,drama,
678,54413473,109.34354166666667,drama,
679,54413473,109.34761574074074,drama,
680,54413473,109.36299768518519,drama,
681,54413473,109.44350694444445,drama,
682,54413473,109.45765046296296,drama,
683,54413473,110.129375,movie,
684,54413473,110.50594907407407,drama,
685,54413473,110.5260763888889,drama,
686,54413473,110.55530092592592,drama,
687,54413473,110.58328703703704,drama,
688,54413473,110.87299768518518,drama,
689,54413473,110.90924768518518,drama,
690,54413473,110.94155092592592,drama,
691,54413473,111.20439814814814,drama,
692,54413473,111.20731481481481,drama,
693,54413473,111.24143518518518,drama,
694,54413473,111.30702546296297,drama,
695,54413473,111.31182870370371,others,
696,54413473,111.36430555555556,drama,
697,54413473,111.36635416666667,drama,
698,54413473,111.37556712962963,drama,
699,54413473,111.40210648148148,drama,
700,54413473,111.43224537037037,drama,
701,54413473,111.66371527777778,drama,
702,54413473,111.6958449074074,drama,
703,54413473,111.72481481481482,drama,
704,54413473,112.4386574074074,others,
705,54413473,112.47255787037037,others,
706,54413473,112.74368055555556,drama,
707,54413473,112.78091435185185,drama,
708,54413473,112.81075231481482,drama,
709,54413473,112.84099537037036,drama,
710,54413473,112.87166666666667,drama,
711,54413473,113.44331018518518,others,
712,54413473,113.46538194444445,others,
713,54413473,113.74449074074074,others,
714,54413473,113.81283564814815,others,
715,54413473,115.08493055555556,others,
716,54413473,115.09317129629629,news,
717,54413473,115.15398148148148,movie,
718,54413473,115.436875,drama,
719,54413473,115.44842592592593,drama,
720,54413473,115.47744212962964,drama,
721,54413473,115.50658564814815,drama,
722,54413473,115.76123842592592,others,
723,54413473,116.08965277777777,others,
724,54413473,117.03782407407408,others,
725,54413473,117.05193287037036,drama,
726,54413473,117.05439814814815,others,
727,54413473,117.14717592592592,movie,
728,54413473,117.32650462962962,others,
729,54413473,117.4519675925926,drama,
730,54413473,117.48125,drama,
731,54413473,117.48260416666666,drama,
732,54413473,118.37726851851852,drama,
733,54413473,118.40690972222222,drama,
734,54413473,118.43746527777778,drama,
735,54413473,118.46814814814815,drama,
736,54413473,118.51076388888889,drama,
737,54413473,118.53875,drama,
738,54413473,118.56884259259259,drama,
739,54413473,118.59952546296296,drama,
740,54413473,118.62984953703703,drama,
741,54413473,118.66008101851853,drama,
742,54413473,118.68958333333333,drama,
743,54413473,118.71997685185185,drama,
744,54413473,118.7492824074074,drama,
745,54413473,118.77982638888889,drama,
746,54413473,118.80943287037037,drama,
747,54413473,118.81385416666667,drama,
748,54413473,118.8608912037037,drama,
749,54413473,118.86302083333334,drama,
750,54413473,118.86440972222222,drama,
751,54413473,118.88893518518519,drama,
752,54413473,118.91905092592593,drama,
753,54413473,118.93699074074074,drama,
754,54413473,119.02619212962964,others,
755,54413473,119.02934027777778,drama,
756,54413473,119.05987268518518,drama,
757,54413473,119.09043981481481,drama,
758,54413473,119.12091435185185,drama,
759,54413473,119.15506944444445,drama,
760,54413473,119.16516203703704,drama,
761,54413473,119.19157407407407,drama,
762,54413473,119.22133101851851,drama,
763,54413473,119.2521412037037,drama,
764,54413473,119.38329861111112,others,
765,54413473,119.4498263888889,others,
766,54413473,119.45616898148148,movie,
767,54413473,119.47458333333333,news,
768,54413473,119.48082175925926,movie,
769,54413473,120.98423611111112,others,
770,54413473,121.02694444444444,movie,
771,54413473,121.0303125,others,
772,54413473,121.30398148148149,others,
773,54413473,121.36611111111111,others,
774,54413473,121.37335648148148,others,
775,54413473,121.39848379629629,others,
776,54413473,121.4172337962963,others,
777,54413473,123.02037037037037,movie,
778,54413473,123.09837962962963,others,
779,54413473,123.11197916666667,others,
780,54413473,123.17983796296296,others,
781,54413473,123.27439814814815,movie,
782,54413473,123.35648148148148,movie,
783,54413473,124.35494212962963,others,
784,54413473,124.44792824074074,movie,
785,54413473,125.2871412037037,others,
786,54413473,125.3962962962963,others,
787,54413473,125.46012731481481,others,
788,54413473,125.47498842592593,others,
789,54413473,126.1115625,drama,
790,54413473,126.11238425925926,drama,
791,54413473,126.14292824074074,drama,
792,54413473,126.17260416666667,drama,
793,54413473,126.20291666666667,drama,
794,54413473,126.23283564814815,drama,
795,54413473,126.23600694444444,others,
796,54413473,126.33434027777778,drama,
797,54413473,126.36445601851852,drama,
798,54413473,126.39467592592592,drama,
799,54413473,126.42417824074074,drama,
800,54413473,126.45471064814815,drama,
801,54413473,128.29479166666667,drama,
802,54413473,128.29643518518517,drama,
803,54413473,128.29791666666668,drama,
804,54413473,128.2990162037037,drama,
805,54413473,128.32667824074073,drama,
806,54413473,128.3563888888889,drama,
807,54413473,128.63586805555556,entertainment,
808,54413473,128.67599537037037,entertainment,
809,54413473,129.29621527777778,others,
810,54413473,129.3258101851852,others,
811,54413473,129.3300462962963,others,
812,54413473,129.3453935185185,others,
813,54413473,129.3754976851852,others,
814,54413473,130.2681597222222,others,
815,54413473,130.29820601851853,others,
816,54413473,130.3024074074074,others,
817,54413473,130.3763888888889,others,
818,54413473,131.2391087962963,others,
819,54413473,131.25450231481483,movie,
820,54413473,131.33346064814816,drama,
821,54413473,131.3642013888889,drama,
822,54413473,131.3986574074074,drama,
823,54413473,131.41258101851852,drama,
824,54413473,131.44363425925926,drama,
825,54413473,131.47337962962962,drama,
826,54413473,131.88508101851852,documentary,
827,54413473,131.9683564814815,drama,
828,54413473,131.98524305555554,drama,
829,54413473,132.0129050925926,drama,
830,54413473,132.04232638888888,drama,
831,54413473,132.04839120370372,drama,
832,54413473,132.07850694444446,drama,
833,54413473,132.15119212962964,drama,
834,54413473,132.16449074074075,drama,
835,54413473,132.1994212962963,drama,
836,54413473,132.2285185185185,drama,
837,54413473,132.2736111111111,drama,
838,54413473,132.30349537037037,drama,
839,54413473,132.3347222222222,movie,
840,54413473,132.34876157407408,others,
841,54413473,132.35789351851852,drama,
842,54413473,132.38876157407407,drama,
843,54413473,132.41819444444445,drama,
844,54413473,132.44891203703705,drama,
845,54413473,132.47837962962964,drama,
846,54413473,133.15675925925925,drama,
847,54413473,133.18708333333333,drama,
848,54413473,133.21688657407407,drama,
849,54413473,133.2471064814815,drama,
850,54413473,133.3707986111111,drama,
851,54413473,133.39222222222222,drama,
852,54413473,133.39813657407407,drama,
853,54413473,133.42828703703702,drama,
854,54413473,133.45994212962964,drama,
855,54413473,133.48001157407407,drama,
856,54413473,133.50969907407406,drama,
857,54413473,133.53917824074074,drama,
858,54413473,133.66421296296295,drama,
859,54413473,134.29736111111112,others,
860,54413473,134.3480324074074,drama,
861,54413473,134.34913194444445,drama,
862,54413473,134.3508912037037,drama,
863,54413473,134.38155092592592,drama,
864,54413473,134.38381944444444,drama,
865,54413473,134.385625,drama,
866,54413473,134.4156712962963,drama,
867,54413473,134.91127314814815,drama,
868,54413473,134.94077546296296,drama,
869,54413473,134.97234953703705,drama,
870,54413473,135.00215277777778,drama,
871,54413473,135.0319212962963,drama,
872,54413473,135.1492824074074,others,
873,54413473,135.1528935185185,movie,
874,54413473,135.20877314814814,others,
875,54413473,135.2379513888889,others,
876,54413473,135.2686574074074,others,
877,54413473,135.3259837962963,drama,
878,54413473,135.35165509259258,drama,
879,54413473,135.38140046296297,drama,
880,54413473,135.41101851851852,drama,
881,54413473,135.47206018518517,drama,
882,54413473,135.50186342592593,drama,
883,54413473,135.69396990740742,drama,
884,54413473,135.7198611111111,drama,
885,54413473,136.2220023148148,drama,
886,54413473,136.23443287037037,drama,
887,54413473,136.2641898148148,drama,
888,54413473,136.2938888888889,drama,
889,54413473,136.32362268518517,drama,
890,54413473,136.35708333333332,drama,
891,54413473,136.38612268518517,drama,
892,54413473,136.41605324074075,drama,
893,54413473,136.44594907407406,drama,
894,54413473,136.4760648148148,drama,
895,54413473,136.505625,drama,
896,54413473,137.10413194444445,movie,
897,54413473,137.51619212962962,drama,
898,54413473,137.55938657407407,others,
899,54413473,137.57417824074074,others,
900,54413473,138.39697916666665,drama,
901,54413473,138.5715277777778,drama,
902,54413473,138.60131944444444,drama,
903,54413473,138.87537037037038,drama,
904,54413473,138.90548611111112,drama,
905,54413473,138.9352662037037,drama,
906,54413473,138.93805555555556,drama,
907,54413473,138.97351851851852,drama,
908,54413473,139.00326388888888,drama,
909,54413473,139.065625,drama,
910,54413473,139.07655092592591,drama,
911,54413473,139.07931712962963,drama,
912,54413473,139.08096064814814,drama,
913,54413473,139.0832638888889,drama,
914,54413473,139.10280092592592,drama,
915,54413473,139.1334375,drama,
916,54413473,139.20466435185185,drama,
917,54413473,139.23604166666667,drama,
918,54413473,139.26770833333333,drama,
919,54413473,139.2983449074074,drama,
920,54413473,139.32914351851852,drama,
921,54413473,140.3767476851852,drama,
922,54413473,140.4039236111111,drama,
923,54413473,140.43420138888888,drama,
924,54413473,140.47575231481483,drama,
925,54413473,140.5058912037037,drama,
926,54413473,140.53840277777778,drama,
927,54413473,141.01791666666668,drama,
928,54413473,141.25488425925926,drama,
929,54413473,141.2883449074074,drama,
930,54413473,141.3190625,drama,
931,54413473,141.3496875,drama,
932,54413473,141.38099537037036,drama,
933,54413473,141.44608796296296,drama,
934,54413473,141.4775925925926,drama,
935,54413473,141.50877314814815,drama,
936,54413473,141.53993055555554,drama,
937,54413473,142.2322800925926,drama,
938,54413473,142.23439814814816,drama,
939,54413473,142.2378125,drama,
940,54413473,142.23886574074075,drama,
941,54413473,142.25104166666668,drama,
942,54413473,142.2828125,drama,
943,54413473,142.31408564814814,drama,
944,54413473,143.00012731481482,movie,
945,54413473,143.30537037037038,drama,
946,54413473,143.3369212962963,drama,
947,54413473,143.3832060185185,drama,
948,54413473,143.41483796296296,drama,
949,54413473,143.44559027777777,drama,
950,54413473,145.19766203703705,drama,
951,54413473,145.19930555555555,drama,
952,54413473,145.2008101851852,drama,
953,54413473,145.23407407407407,drama,
954,54413473,145.24663194444443,others,
955,54413473,148.51077546296295,drama,
956,54413473,148.54172453703703,drama,
957,54413473,148.57145833333334,drama,
958,54413473,149.0489699074074,others,
959,54413473,150.10184027777777,others,
960,54413473,152.14440972222224,movie,
961,54413473,157.55118055555556,drama,
962,54413473,158.52256944444446,drama,
963,54413473,158.5379513888889,drama,
964,54413473,158.56649305555555,drama,
965,54413473,159.30568287037036,drama,
966,54413473,159.33574074074073,drama,
967,54413473,159.36584490740742,drama,
968,54413473,159.39567129629629,drama,
969,54413473,159.48246527777778,drama,
970,54413473,159.5086689814815,drama,
971,54413473,159.5384375,drama,
972,54413473,159.89925925925925,drama,
973,54413473,159.93412037037038,drama,
974,54413473,159.96555555555557,drama,
975,54413473,159.99550925925925,drama,
976,54413473,160.13422453703703,movie,
977,54413473,160.30931712962962,others,
978,54413473,160.40902777777777,drama,
979,54413473,160.44019675925927,drama,
980,54413473,160.4700347222222,drama,
981,54413473,160.50429398148148,drama,
982,54413473,160.53395833333335,drama,
983,54413473,160.53824074074075,movie,
984,54413473,166.30255787037038,drama,
985,54413473,166.30582175925926,drama,
986,54413473,167.28226851851852,drama,
987,54413473,167.2972800925926,drama,
988,54413473,167.31270833333335,drama,
989,54413473,167.32775462962962,drama,
990,54413473,167.48824074074074,movie,
991,54413473,167.9548726851852,drama,
992,54413473,167.96795138888888,drama,
993,54413473,167.98300925925926,drama,
994,54413473,167.99849537037036,drama,
995,54413473,168.26998842592593,drama,
996,54413473,168.2753587962963,drama,
997,54413473,168.28453703703704,drama,
998,54413473,168.29980324074074,drama,
999,54413473,168.31528935185185,drama,
1000,54413473,168.3359837962963,drama,
1001,54413473,168.35502314814815,drama,
1002,54413473,168.37347222222223,drama,
1003,54413473,168.39692129629628,drama,
1004,54413473,168.41483796296296,drama,
1005,54413473,168.43003472222222,drama,
1006,54413473,168.44561342592593,drama,
1007,54413473,168.46074074074073,drama,
1008,54413473,168.47599537037038,drama,
1009,54413473,168.49123842592593,drama,
1010,54413473,169.09491898148147,others,
1011,54413473,169.28311342592593,drama,
1012,54413473,169.28412037037037,drama,
1013,54413473,169.29974537037037,drama,
1014,54413473,169.31533564814814,drama,
1015,54413473,169.33108796296295,drama,
1016,54413473,169.3462847222222,drama,
1017,54413473,169.36193287037037,drama,
1018,54413473,169.3776388888889,drama,
1019,54413473,169.393125,drama,
1020,54413473,169.4087847222222,drama,
1021,54413473,169.42413194444444,drama,
1022,54413473,169.43990740740742,drama,
1023,54413473,169.45575231481482,drama,
1024,54413473,169.4734375,drama,
1025,54413473,169.4887037037037,drama,
1026,54413473,170.30608796296298,drama,
1027,54413473,170.3071527777778,drama,
1028,54413473,170.3225925925926,drama,
1029,54413473,170.3384027777778,drama,
1030,54413473,170.35378472222223,drama,
1031,54413473,171.2958101851852,drama,
1032,54413473,171.31122685185184,drama,
1033,54413473,171.32638888888889,drama,
1034,54413473,171.3414699074074,drama,
1035,54413473,171.35674768518518,drama,
1036,54413473,171.37189814814815,drama,
1037,54413473,171.38732638888888,drama,
1038,54413473,172.3692824074074,drama,
1039,54413473,172.3717824074074,drama,
1040,54413473,172.37472222222223,drama,
1041,54413473,172.38945601851853,drama,
1042,54413473,172.40467592592591,drama,
1043,54413473,172.41994212962962,drama,
1044,54413473,172.43545138888888,drama,
1045,54413473,174.02106481481482,others,
1046,54413473,174.11416666666668,others,
1047,54413473,174.14686342592591,others,
1048,54413473,174.16895833333334,drama,
1049,54413473,174.17613425925927,drama,
1050,54413473,174.18956018518517,drama,
1051,54413473,174.2056597222222,drama,
1052,54413473,174.22122685185184,drama,
1053,54413473,175.5103125,drama,
1054,54413473,175.52547453703704,drama,
1055,54413473,175.54112268518517,drama,
1056,54413473,177.29622685185186,drama,
1057,54413473,177.30229166666666,drama,
1058,54413473,177.31805555555556,drama,
1059,54413473,177.33350694444445,drama,
1060,54413473,177.34921296296295,drama,
1061,54413473,177.3649537037037,drama,
1062,54413473,177.38008101851852,drama,
1063,54413473,177.39587962962963,drama,
1064,54413473,177.41129629629629,drama,
1065,54413473,177.42652777777778,drama,
1066,54413473,177.45760416666667,drama,
1067,54413473,177.47280092592592,drama,
1068,54413473,177.4816550925926,drama,
1069,54413473,177.49685185185186,drama,
1070,54413473,178.2865277777778,drama,
1071,54413473,178.3020486111111,drama,
1072,54413473,178.31778935185184,drama,
1073,54413473,178.3332175925926,drama,
1074,54413473,178.34827546296296,drama,
1075,54413473,178.3636574074074,drama,
1076,54413473,178.37887731481482,drama,
1077,54413473,178.3939814814815,drama,
1078,54413473,178.40909722222221,drama,
1079,54413473,178.41575231481482,drama,
1080,54413473,178.4309722222222,drama,
1081,54413473,178.44633101851852,drama,
1082,54413473,178.45677083333334,drama,
1083,54413473,178.46398148148148,drama,
1084,54413473,178.47949074074074,drama,
1085,54413473,178.49476851851853,drama,
1086,54413473,178.51008101851852,drama,
1087,54413473,178.5250462962963,others,
1088,54413473,178.52855324074073,drama,
1089,54413473,179.29289351851853,drama,
1090,54413473,179.3080787037037,ads,
1091,54413473,179.31020833333332,drama,
1092,54413473,179.32542824074073,drama,
1093,54413473,179.3406712962963,drama,
1094,54413473,179.35061342592593,drama,
1095,54413473,179.53412037037037,drama,
1096,54413473,179.53542824074074,drama,
1097,54413473,179.5516087962963,drama,
1098,54413473,179.5671412037037,drama,
1099,54413473,179.58251157407406,drama,
1100,54413473,180.03090277777778,drama,
1101,54413473,180.34221064814815,drama,
1102,54413473,180.34413194444446,drama,
1103,54413473,180.3472337962963,drama,
1104,54413473,180.36306712962963,drama,
1105,54413473,180.3787152777778,drama,
1106,54413473,180.3941550925926,drama,
1107,54413473,180.8145949074074,drama,
1108,54413473,180.8304050925926,drama,
1109,54413473,180.84774305555555,drama,
1110,54413473,180.86355324074074,drama,
1111,54413473,180.8789699074074,drama,
1112,54413473,180.89311342592592,drama,
1113,54413473,180.9998148148148,drama,
1114,54413473,181.0049537037037,drama,
1115,54413473,181.00650462962963,drama,
1116,54413473,181.02159722222223,drama,
1117,54413473,181.03729166666668,drama,
1118,54413473,182.01916666666668,drama,
1119,54413473,182.02265046296296,drama,
1120,54413473,182.03476851851852,drama,
1121,54413473,182.0541550925926,drama,
1122,54413473,182.07582175925927,drama,
1123,54413473,182.13711805555556,drama,
1124,54413473,182.14234953703703,drama,
1125,54413473,182.15813657407406,drama,
1126,54413473,182.17645833333333,drama,
1127,54413473,182.1929976851852,drama,
1128,54413473,182.2086226851852,drama,
1129,54413473,182.2251388888889,drama,
1130,54413473,182.24047453703704,drama,
1131,54413473,182.54474537037038,drama,
1132,54413473,182.5459837962963,drama,
1133,54413473,182.55513888888888,drama,
1134,54413473,182.57057870370372,drama,
1135,54413473,183.2995601851852,drama,
1136,54413473,183.32533564814815,drama,
1137,54413473,183.34047453703704,drama,
1138,54413473,183.3459375,drama,
1139,54413473,183.47329861111112,others,
1140,54413473,183.4769560185185,drama,
1141,54413473,183.5084375,drama,
1142,54413473,183.5240162037037,drama,
1143,54413473,184.02496527777777,drama,
1144,54413473,184.24947916666667,drama,
1145,54413473,184.25780092592592,drama,
1146,54413473,184.2741087962963,drama,
1147,54413473,184.28982638888888,drama,
1148,54413473,184.30569444444444,drama,
1149,54413473,184.3215162037037,drama,
1150,54413473,184.3373611111111,drama,
1151,54413473,184.35296296296298,drama,
1152,54413473,184.35577546296295,drama,
1153,54413473,184.3713888888889,drama,
1154,54413473,184.38699074074074,drama,
1155,54413473,184.40277777777777,drama,
1156,54413473,184.41858796296296,drama,
1157,54413473,184.43425925925925,drama,
1158,54413473,184.45002314814815,drama,
1159,54413473,184.46699074074073,drama,
1160,54413473,184.48261574074073,drama,
1161,54413473,184.48715277777777,drama,
1162,54413473,184.6138425925926,drama,
1163,54413473,184.6167824074074,drama,
1164,54413473,184.62796296296295,drama,
1165,54413473,184.6296064814815,drama,
1166,54413473,184.63091435185186,drama,
1167,54413473,184.64673611111112,drama,
1168,54413473,184.6623148148148,drama,
1169,54413473,185.03016203703703,drama,
1170,54413473,185.26005787037036,drama,
1171,54413473,185.2757523148148,drama,
1172,54413473,185.2915625,drama,
1173,54413473,185.31326388888888,drama,
1174,54413473,185.32902777777778,drama,
1175,54413473,185.33091435185185,drama,
1176,54413473,185.33202546296297,drama,
1177,54413473,185.34741898148147,drama,
1178,54413473,185.36318287037037,drama,
1179,54413473,185.38025462962963,drama,
1180,54413473,185.39603009259258,drama,
1181,54413473,185.4115625,drama,
1182,54413473,185.4274074074074,drama,
1183,54413473,185.44325231481483,drama,
1184,54413473,185.4559837962963,drama,
1185,54413473,185.4716087962963,drama,
1186,54413473,185.48728009259258,drama,
1187,54413473,185.50559027777777,drama,
1188,54413473,185.51033564814816,drama,
1189,54413473,185.51252314814815,drama,
1190,54413473,185.5279976851852,drama,
1191,54413473,185.5442824074074,drama,
1192,54413473,185.55819444444444,drama,
1193,54413473,185.57399305555555,drama,
1194,54413473,185.5880324074074,drama,
1195,54413473,185.6035300925926,drama,
1196,54413473,186.12809027777777,others,
1197,54413473,186.2455439814815,movie,
1198,54413473,186.2635300925926,movie,
1199,54413473,186.3170949074074,drama,
1200,54413473,186.31957175925925,drama,
1201,54413473,186.33583333333334,drama,
1202,54413473,186.35125,drama,
1203,54413473,186.36688657407407,drama,
1204,54413473,186.38269675925926,drama,
1205,54413473,186.39851851851853,drama,
1206,54413473,186.44451388888888,drama,
1207,54413473,186.45284722222223,movie,
1208,54413473,186.47417824074074,movie,
1209,54413473,186.47677083333335,movie,
1210,54413473,187.32108796296296,others,
1211,54413473,187.3300462962963,drama,
1212,54413473,187.39733796296295,others,
1213,54413473,187.4058912037037,entertainment,
1214,54413473,188.17277777777778,drama,
1215,54413473,188.20556712962963,drama,
1216,54413473,188.23763888888888,drama,
1217,54413473,188.30203703703702,drama,
1218,54413473,188.41914351851852,movie,
1219,54413473,188.9239814814815,drama,
1220,54413473,188.94015046296298,drama,
1221,54413473,189.1255787037037,drama,
1222,54413473,189.14092592592593,drama,
1223,54413473,189.15648148148148,drama,
1224,54413473,189.1716898148148,drama,
1225,54413473,189.18695601851852,drama,
1226,54413473,189.2020949074074,drama,
1227,54413473,189.21693287037036,drama,
1228,54413473,189.23231481481483,drama,
1229,54413473,189.2483564814815,drama,
1230,54413473,189.2576273148148,drama,
1231,54413473,189.27263888888888,drama,
1232,54413473,189.2881712962963,drama,
1233,54413473,189.3036574074074,drama,
1234,54413473,189.31917824074074,drama,
1235,54413473,189.33512731481483,drama,
1236,54413473,189.35042824074074,drama,
1237,54413473,189.3666087962963,drama,
1238,54413473,189.38199074074075,drama,
1239,54413473,189.39734953703703,drama,
1240,54413473,191.3249189814815,drama,
1241,54413473,191.4027199074074,drama,
1242,54413473,192.3865625,drama,
1243,54413473,192.41645833333334,drama,
1244,54413473,192.44585648148148,drama,
1245,54413473,192.92858796296295,movie,
1246,54413473,192.95657407407407,others,
1247,54413473,193.30395833333333,drama,
1248,54413473,193.3357175925926,drama,
1249,54413473,193.36747685185185,drama,
1250,54413473,193.3981134259259,drama,
1251,54413473,193.42890046296296,drama,
1252,54413473,193.4591550925926,drama,
1253,54413473,193.48886574074075,drama,
1254,54413473,194.27828703703705,drama,
1255,54413473,194.27921296296296,drama,
1256,54413473,194.28055555555557,drama,
1257,54413473,194.30545138888888,drama,
1258,54413473,195.2083912037037,drama,
1259,54413473,195.21502314814813,drama,
1260,54413473,195.2532523148148,drama,
1261,54413473,195.2838425925926,drama,
1262,54413473,195.31380787037037,drama,
1263,54413473,195.34373842592592,drama,
1264,54413473,195.37340277777778,drama,
1265,54413473,195.40399305555556,drama,
1266,54413473,195.4346412037037,drama,
1267,54413473,195.4641550925926,drama,
1268,54413473,195.49378472222222,drama,
1269,54413473,196.16099537037036,drama,
1270,54413473,196.16546296296298,drama,
1271,54413473,196.19592592592593,drama,
1272,54413473,196.20892361111112,drama,
1273,54413473,196.21135416666667,drama,
1274,54413473,196.23872685185185,drama,
1275,54413473,196.26833333333335,drama,
1276,54413473,196.29787037037036,drama,
1277,54413473,197.32944444444445,drama,
1278,54413473,197.35930555555555,drama,
1279,54413473,198.30466435185184,drama,
1280,54413473,198.34310185185186,drama,
1281,54413473,198.41575231481482,others,
1282,54413473,198.49349537037037,movie,
1283,54413473,198.51407407407407,movie,
1284,54413473,199.01572916666666,movie,
1285,54413473,199.2927777777778,drama,
1286,54413473,199.3226388888889,drama,
1287,54413473,199.35252314814815,drama,
1288,54413473,199.3826388888889,drama,
1289,54413473,199.40863425925926,drama,
1290,54413473,199.43809027777777,drama,
1291,54413473,199.47373842592592,others,
1292,54413473,199.49150462962962,movie,
1293,54413473,199.50016203703703,drama,
1294,54413473,199.53063657407407,drama,
1295,54413473,199.56050925925925,drama,
1296,54413473,199.58979166666666,drama,
1297,54413473,200.09033564814814,drama,
1298,54413473,200.0914351851852,drama,
1299,54413473,200.2182523148148,others,
1300,54413473,200.4932175925926,others,
1301,54413473,200.49827546296297,drama,
1302,54413473,201.00869212962962,drama,
1303,54413473,201.01917824074073,drama,
1304,54413473,201.04922453703705,drama,
1305,54413473,201.0799074074074,drama,
1306,54413473,201.11041666666668,drama,
1307,54413473,201.14090277777777,drama,
1308,54413473,201.32416666666666,drama,
1309,54413473,201.32560185185184,drama,
1310,54413473,201.33193287037037,drama,
1311,54413473,201.34405092592593,drama,
1312,54413473,201.37078703703705,drama,
1313,54413473,201.4005324074074,drama,
1314,54413473,201.4299074074074,drama,
1315,54413473,202.43840277777778,drama,
1316,54413473,202.4513425925926,drama,
1317,54413473,203.44583333333333,others,
1318,54413473,203.59065972222223,others,
1319,54413473,203.93052083333333,others,
1320,54413473,203.9641435185185,others,
1321,54413473,204.01886574074075,drama,
1322,54413473,204.0252199074074,others,
1323,54413473,204.1340972222222,drama,
1324,54413473,204.1654976851852,drama,
1325,54413473,204.255,others,
1326,54413473,204.25618055555555,others,
1327,54413473,204.29927083333334,others,
1328,54413473,204.32928240740742,others,
1329,54413473,204.53982638888888,others,
1330,54413473,204.87688657407406,others,
1331,54413473,204.88004629629629,others,
1332,54413473,204.9142476851852,others,
1333,54413473,204.9894675925926,drama,
1334,54413473,205.02082175925926,drama,
1335,54413473,205.05109953703703,drama,
1336,54413473,205.065625,news,
1337,54413473,205.0802314814815,drama,
1338,54413473,205.08335648148147,movie,
1339,54413473,205.23571759259258,others,
1340,54413473,205.25327546296296,others,
1341,54413473,205.29542824074073,others,
1342,54413473,205.3256597222222,others,
1343,54413473,205.35568287037037,others,
1344,54413473,205.4179513888889,drama,
1345,54413473,205.41916666666665,drama,
1346,54413473,205.42064814814816,drama,
1347,54413473,205.50237268518518,drama,
1348,54413473,206.08157407407407,movie,
1349,54413473,206.1396412037037,movie,
1350,54413473,206.2893865740741,drama,
1351,54413473,206.35300925925927,drama,
1352,54413473,206.45175925925926,movie,
1353,54413473,206.47083333333333,drama,
1354,54413473,206.4717476851852,drama,
1355,54413473,206.5136574074074,drama,
1356,54413473,206.97546296296295,movie,
1357,54413473,207.06059027777778,movie,
1358,54413473,207.12376157407408,news,
1359,54413473,207.31380787037037,drama,
1360,54413473,207.31578703703704,drama,
1361,54413473,207.38224537037038,drama,
1362,54413473,207.42792824074073,drama,
1363,54413473,208.03337962962962,movie,
1364,54413473,208.08739583333335,others,
1365,54413473,208.08998842592592,movie,
1366,54413473,208.09175925925925,movie,
1367,54413473,208.25046296296296,others,
1368,54413473,208.27743055555555,others,
1369,54413473,208.2798263888889,others,
1370,54413473,208.3412962962963,movie,
1371,54413473,208.35386574074073,drama,
1372,54413473,208.3562037037037,drama,
1373,54413473,208.9049537037037,drama,
1374,54413473,208.9060648148148,drama,
1375,54413473,209.01328703703703,others,
1376,54413473,209.17998842592593,drama,
1377,54413473,209.20975694444445,drama,
1378,54413473,209.2395138888889,drama,
1379,54413473,209.91494212962962,drama,
1380,54413473,209.91686342592592,drama,
1381,54413473,209.97038194444445,drama,
1382,54413473,209.9725,movie,
1383,54413473,209.98196759259258,drama,
1384,54413473,209.9895949074074,others,
1385,54413473,209.99836805555555,others,
1386,54413473,210.44304398148148,drama,
1387,54413473,210.47939814814814,movie,
1388,54413473,210.48238425925925,others,
1389,54413473,210.48912037037036,movie,
1390,54413473,210.49358796296298,others,
1391,54413473,210.50288194444445,movie,
1392,54413473,210.52613425925927,drama,
1393,54413473,210.5278935185185,drama,
1394,54413473,211.05702546296297,movie,
1395,54413473,211.13315972222222,movie,
1396,54413473,211.30596064814816,drama,
1397,54413473,211.31770833333334,drama,
1398,54413473,211.3339351851852,drama,
1399,54413473,211.34100694444444,drama,
1400,54413473,211.3992824074074,drama,
1401,54413473,211.45594907407408,drama,
1402,54413473,211.5077662037037,drama,
1403,54413473,211.51458333333332,drama,
1404,54413473,211.54123842592594,drama,
1405,54413473,211.5435300925926,drama,
1406,54413473,211.93320601851852,others,
1407,54413473,211.95666666666668,others,
1408,54413473,212.03179398148148,movie,
1409,54413473,212.07899305555554,movie,
1410,54413473,212.13667824074074,entertainment,
1411,54413473,212.30993055555555,drama,
1412,54413473,212.31099537037036,drama,
1413,54413473,212.3636226851852,drama,
1414,54413473,213.19922453703703,others,
1415,54413473,213.20015046296297,others,
1416,54413473,213.21238425925927,others,
1417,54413473,213.3150925925926,drama,
1418,54413473,213.3177199074074,drama,
1419,54413473,213.36806712962962,drama,
1420,54413473,213.3984027777778,drama,
1421,54413473,214.10283564814816,others,
1422,54413473,214.2216435185185,others,
1423,54413473,214.22710648148148,others,
1424,54413473,214.27917824074075,others,
1425,54413473,214.36458333333334,drama,
1426,54413473,214.39380787037038,drama,
1427,54413473,214.4231597222222,drama,
1428,54413473,214.46199074074073,others,
1429,54413473,214.7408912037037,others,
1430,54413473,214.74234953703703,others,
1431,54413473,214.76974537037037,others,
1432,54413473,215.19575231481483,others,
1433,54413473,215.1965277777778,others,
1434,54413473,215.20539351851852,others,
1435,54413473,215.23484953703704,others,
1436,54413473,215.2934837962963,others,
1437,54413473,215.29424768518518,others,
1438,54413473,215.29538194444444,others,
1439,54413473,215.2981597222222,others,
1440,54413473,215.30063657407408,others,
1441,54413473,215.3029050925926,others,
1442,54413473,215.33284722222223,others,
1443,54413473,215.36268518518517,others,
1444,54413473,215.38133101851852,drama,
1445,54413473,215.41158564814816,drama,
1446,54413473,215.44143518518518,drama,
1447,54413473,215.4717361111111,drama,
1448,54413473,215.50172453703703,drama,
1449,54413473,215.54425925925926,drama,
1450,54413473,215.9300115740741,drama,
1451,54413473,215.96103009259258,drama,
1452,54413473,215.99153935185186,drama,
1453,54413473,216.02184027777778,drama,
1454,54413473,216.05208333333334,drama,
1455,54413473,216.1099074074074,drama,
1456,54413473,216.14216435185185,drama,
1457,54413473,216.17253472222222,drama,
1458,54413473,216.2109837962963,drama,
1459,54413473,216.24118055555556,drama,
1460,54413473,216.2715625,drama,
1461,54413473,216.30189814814815,drama,
1462,54413473,216.3462037037037,drama,
1463,54413473,216.37827546296296,drama,
1464,54413473,216.41238425925926,drama,
1465,54413473,216.42716435185184,drama,
1466,54413473,216.4282523148148,others,
1467,54413473,216.43092592592592,others,
1468,54413473,216.43253472222221,others,
1469,54413473,216.4647337962963,others,
1470,54413473,216.5002199074074,others,
1471,54413473,216.5180787037037,others,
1472,54413473,217.08136574074075,drama,
1473,54413473,217.11089120370372,drama,
1474,54413473,217.14138888888888,drama,
1475,54413473,217.9639236111111,others,
1476,54413473,217.9934837962963,others,
1477,54413473,218.02194444444444,others,
1478,54413473,218.0548611111111,others,
1479,54413473,218.08885416666666,others,
1480,54413473,218.125,others,
1481,54413473,218.15988425925926,others,
1482,54413473,218.36107638888888,drama,
1483,54413473,218.39028935185186,drama,
1484,54413473,218.42942129629628,drama,
1485,54413473,218.45934027777778,drama,
1486,54413473,218.4895486111111,drama,
1487,54413473,219.08474537037037,others,
1488,54413473,219.08820601851852,movie,
1489,54413473,219.09084490740742,movie,
1490,54413473,219.0921875,movie,
1491,54413473,219.29824074074074,others,
1492,54413473,219.32928240740742,others,
1493,54413473,219.35960648148148,others,
1494,54413473,219.3897800925926,others,
1495,54413473,219.42047453703702,others,
1496,54413473,219.47438657407406,others,
1497,54413473,220.01751157407406,movie,
1498,54413473,220.03100694444444,drama,
1499,54413473,220.03538194444445,drama,
1500,54413473,220.0682175925926,drama,
1501,54413473,220.1140625,drama,
1502,54413473,220.153125,drama,
1503,54413473,220.16273148148147,others,
1504,54413473,220.1967824074074,others,
1505,54413473,220.2267361111111,others,
1506,54413473,220.25712962962962,others,
1507,54413473,220.28675925925927,others,
1508,54413473,220.31394675925927,drama,
1509,54413473,220.31700231481483,drama,
1510,54413473,220.31805555555556,drama,
1511,54413473,220.39356481481482,drama,
1512,54413473,220.4535300925926,others,
1513,54413473,220.46351851851853,others,
1514,54413473,220.46677083333333,others,
1515,54413473,220.49887731481482,others,
1516,54413473,221.075625,drama,
1517,54413473,221.10994212962962,drama,
1518,54413473,221.1429513888889,drama,
1519,54413473,221.2727199074074,others,
1520,54413473,221.3047337962963,others,
1521,54413473,221.37369212962963,drama,
1522,54413473,221.37526620370372,drama,
1523,54413473,221.40501157407408,drama,
1524,54413473,221.43729166666665,drama,
1525,54413473,221.4607523148148,drama,
1526,54413473,221.48643518518517,drama,
1527,54413473,221.5018287037037,drama,
1528,54413473,221.51664351851852,drama,
1529,54413473,223.0107060185185,drama,
1530,54413473,223.02427083333333,drama,
1531,54413473,223.05753472222221,drama,
1532,54413473,223.09065972222223,drama,
1533,54413473,223.12376157407408,drama,
1534,54413473,223.1568287037037,drama,
1535,54413473,223.1903587962963,drama,
1536,54413473,223.41309027777777,drama,
1537,54413473,223.4150925925926,drama,
1538,54413473,223.4444212962963,drama,
1539,54413473,223.47375,drama,
1540,54413473,224.48686342592592,drama,
1541,54413473,224.50199074074075,drama,
1542,54413473,224.51712962962964,drama,
1543,54413473,224.5324652777778,drama,
1544,54413473,225.0234722222222,drama,
1545,54413473,225.29378472222223,others,
1546,54413473,225.2949074074074,others,
1547,54413473,225.2979861111111,others,
1548,54413473,225.29886574074075,others,
1549,54413473,225.30094907407408,others,
1550,54413473,225.30677083333333,others,
1551,54413473,225.36728009259258,others,
1552,54413473,226.0504398148148,drama,
1553,54413473,226.08356481481482,drama,
1554,54413473,226.11652777777778,drama,
1555,54413473,226.1535648148148,drama,
1556,54413473,226.18668981481483,drama,
1557,54413473,226.34155092592593,others,
1558,54413473,226.37326388888889,others,
1559,54413473,226.40658564814814,others,
1560,54413473,226.4504050925926,others,
1561,54413473,226.48236111111112,others,
1562,54413473,226.5121412037037,others,
1563,54413473,226.9796875,drama,
1564,54413473,227.0138773148148,drama,
1565,54413473,227.04791666666668,drama,
1566,54413473,227.0806712962963,drama,
1567,54413473,227.29,others,
1568,54413473,227.32097222222222,others,
1569,54413473,227.92797453703704,drama,
1570,54413473,227.96096064814816,drama,
1571,54413473,227.9757175925926,drama,
1572,54413473,227.97657407407408,drama,
1573,54413473,227.98016203703705,drama,
1574,54413473,228.02284722222223,drama,
1575,54413473,228.11663194444444,drama,
1576,54413473,228.14940972222223,drama,
1577,54413473,228.20944444444444,drama,
1578,54413473,228.25479166666668,drama,
1579,54413473,228.25677083333332,drama,
1580,54413473,228.26421296296297,drama,
1581,54413473,228.32533564814815,others,
1582,54413473,228.34827546296296,others,
1583,54413473,228.40652777777777,others,
1584,54413473,228.43608796296297,others,
1585,54413473,229.0793402777778,drama,
1586,54413473,229.08130787037038,drama,
1587,54413473,229.1033912037037,drama,
1588,54413473,229.1363773148148,drama,
1589,54413473,229.1695486111111,drama,
1590,54413473,229.27936342592594,drama,
1591,54413473,229.31010416666666,drama,
1592,54413473,229.3591898148148,drama,
1593,54413473,229.38899305555555,drama,
1594,54413473,230.06590277777778,drama,
1595,54413473,230.09563657407406,drama,
1596,54413473,230.1251736111111,drama,
1597,54413473,230.15488425925926,drama,
1598,54413473,230.18479166666665,drama,
1599,54413473,230.26094907407406,movie,
1600,54413473,230.34449074074075,movie,
1601,54413473,230.92989583333335,drama,
1602,54413473,230.9492824074074,drama,
1603,54413473,230.9645138888889,drama,
1604,54413473,230.97950231481482,drama,
1605,54413473,231.026875,movie,
1606,54413473,231.09592592592594,movie,
1607,54413473,231.12618055555555,drama,
1608,54413473,231.1544675925926,drama,
1609,54413473,231.1887037037037,drama,
1610,54413473,231.21936342592593,drama,
1611,54413473,231.3539236111111,drama,
1612,54413473,231.3607638888889,drama,
1613,54413473,231.3906597222222,drama,
1614,54413473,231.43306712962962,others,
1615,54413473,232.11833333333334,drama,
1616,54413473,232.15113425925927,drama,
1617,54413473,232.20533564814815,drama,
1618,54413473,232.3384837962963,drama,
1619,54413473,232.34137731481482,drama,
1620,54413473,232.35568287037037,drama,
1621,54413473,232.38994212962962,drama,
1622,54413473,232.39193287037037,drama,
1623,54413473,232.3927314814815,drama,
1624,54413473,232.39497685185185,drama,
1625,54413473,232.39578703703702,drama,
1626,54413473,232.3966550925926,drama,
1627,54413473,232.4116087962963,drama,
1628,54413473,232.53347222222223,drama,
1629,54413473,232.54821759259258,drama,
1630,54413473,232.56329861111112,drama,
1631,54413473,232.5783449074074,drama,
1632,54413473,232.5933449074074,drama,
1633,54413473,232.6083912037037,drama,
1634,54413473,232.6232523148148,drama,
1635,54413473,232.63849537037038,drama,
1636,54413473,232.9728125,drama,
1637,54413473,233.00578703703704,drama,
1638,54413473,233.0390972222222,drama,
1639,54413473,233.07234953703704,drama,
1640,54413473,233.10546296296297,drama,
1641,54413473,233.13857638888888,drama,
1642,54413473,233.28840277777778,drama,
1643,54413473,234.28434027777777,drama,
1644,54413473,234.2872800925926,drama,
1645,54413473,234.29002314814815,drama,
1646,54413473,234.30971064814815,drama,
1647,54413473,234.3121064814815,drama,
1648,54413473,234.31364583333334,drama,
1649,54413473,234.4635300925926,drama,
1650,54413473,234.47841435185185,drama,
1651,54413473,234.49356481481482,drama,
1652,54413473,234.50913194444445,drama,
1653,54413473,234.5252199074074,drama,
1654,54413473,235.17789351851852,drama,
1655,54413473,235.19288194444445,drama,
1656,54413473,235.33890046296295,drama,
1657,54413473,235.35297453703703,drama,
1658,54413473,235.36834490740742,drama,
1659,54413473,235.38307870370372,drama,
1660,54413473,235.39827546296297,drama,
1661,54413473,236.4154976851852,drama,
1662,54413473,236.43038194444443,drama,
1663,54413473,236.44547453703703,drama,
1664,54413473,236.46479166666666,drama,
1665,54413473,236.4799189814815,drama,
1666,54413473,236.49506944444445,drama,
1667,54413473,237.26042824074074,drama,
1668,54413473,237.26194444444445,drama,
1669,54413473,237.28789351851853,drama,
1670,54413473,239.01288194444444,drama,
1671,54413473,239.04633101851852,drama,
1672,54413473,239.07822916666666,drama,
1673,54413473,239.11094907407409,drama,
1674,54413473,239.14296296296297,drama,
1675,54413473,239.17538194444444,drama,
1676,54413473,239.2991087962963,drama,
1677,54413473,239.3140625,drama,
1678,54413473,239.32927083333334,drama,
1679,54413473,239.34438657407406,drama,
1680,54413473,239.35965277777777,drama,
1681,54413473,239.36832175925926,drama,
1682,54413473,239.36976851851853,drama,
1683,54413473,239.4212962962963,drama,
1684,54413473,239.45311342592592,drama,
1685,54413473,239.45814814814815,drama,
1686,54413473,240.09550925925927,drama,
1687,54413473,240.09693287037038,drama,
1688,54413473,240.1119097222222,drama,
1689,54413473,240.12826388888888,drama,
1690,54413473,240.14798611111112,drama,
1691,54413473,240.2185648148148,drama,
1692,54413473,240.22189814814814,drama,
1693,54413473,240.23090277777777,drama,
1694,54413473,240.28604166666668,drama,
1695,54413473,240.29114583333333,drama,
1696,54413473,240.29222222222222,drama,
1697,54413473,240.32004629629628,drama,
1698,54413473,240.34958333333333,drama,
1699,54413473,240.38056712962964,drama,
1700,54413473,240.46287037037038,drama,
1701,54413473,240.48935185185186,drama,
1702,54413473,241.09052083333333,drama,
1703,54413473,241.1135763888889,drama,
1704,54413473,241.14601851851853,drama,
1705,54413473,241.1996412037037,drama,
1706,54413473,241.29038194444445,others,
1707,54413473,241.32266203703705,others,
1708,54413473,241.35280092592592,others,
1709,54413473,241.3872800925926,others,
1710,54413473,241.9751736111111,drama,
1711,54413473,241.99743055555555,drama,
1712,54413473,242.02952546296297,drama,
1713,54413473,242.06166666666667,drama,
1714,54413473,242.09359953703705,drama,
1715,54413473,242.12574074074075,drama,
1716,54413473,242.15790509259259,drama,
1717,54413473,242.30221064814816,others,
1718,54413473,242.35407407407408,others,
1719,54413473,242.40902777777777,others,
1720,54413473,242.46364583333335,others,
1721,54413473,242.49434027777778,others,
1722,54413473,243.1186574074074,drama,
1723,54413473,243.13394675925926,drama,
1724,54413473,243.16596064814814,drama,
1725,54413473,243.2727199074074,others,
1726,54413473,243.3036111111111,others,
1727,54413473,243.3754976851852,others,
1728,54413473,243.4066435185185,others,
1729,54413473,244.03599537037036,others,
1730,54413473,244.03680555555556,others,
1731,54413473,244.05094907407408,others,
1732,54413473,244.09399305555556,others,
1733,54413473,244.09475694444444,others,
1734,54413473,244.09693287037038,others,
1735,54413473,244.16201388888888,others,
1736,54413473,244.1900462962963,others,
1737,54413473,244.21991898148147,others,
1738,54413473,244.25001157407408,others,
1739,54413473,244.27994212962963,others,
1740,54413473,244.31005787037037,others,
1741,54413473,244.34032407407406,others,
1742,54413473,244.3832175925926,others,
1743,54413473,245.11480324074074,others,
1744,54413473,245.14552083333334,others,
1745,54413473,245.17699074074073,others,
1746,54413473,245.21364583333335,others,
1747,54413473,245.24902777777777,others,
1748,54413473,245.27958333333333,others,
1749,54413473,245.29633101851852,others,
1750,54413473,245.30138888888888,others,
1751,54413473,245.33618055555556,others,
1752,54413473,245.3584375,others,
1753,54413473,245.38910879629628,others,
1754,54413473,246.0083912037037,drama,
1755,54413473,246.07153935185184,drama,
1756,54413473,246.09444444444443,drama,
1757,54413473,246.12631944444445,drama,
1758,54413473,246.1581712962963,drama,
1759,54413473,246.3619675925926,others,
1760,54413473,246.39458333333334,others,
1761,54413473,246.4254513888889,others,
1762,54413473,246.4669212962963,others,
1763,54413473,246.47336805555557,others,
1764,54413473,246.50251157407408,others,
1765,54413473,246.96648148148148,drama,
1766,54413473,246.98642361111112,drama,
1767,54413473,247.0185763888889,drama,
1768,54413473,247.05070601851853,drama,
1769,54413473,247.08262731481483,drama,
1770,54413473,247.11480324074074,drama,
1771,54413473,247.14694444444444,drama,
1772,54413473,247.2854976851852,others,
1773,54413473,247.28788194444445,others,
1774,54413473,247.30416666666667,others,
1775,54413473,247.30850694444445,others,
1776,54413473,247.31510416666666,others,
1777,54413473,247.34636574074074,others,
1778,54413473,247.4332523148148,others,
1779,54413473,247.94349537037036,drama,
1780,54413473,247.96681712962962,drama,
1781,54413473,247.99854166666665,drama,
1782,54413473,248.03076388888888,drama,
1783,54413473,248.0629050925926,drama,
1784,54413473,248.0953125,drama,
1785,54413473,248.1276851851852,drama,
1786,54413473,248.16005787037037,drama,
1787,54413473,248.27461805555555,others,
1788,54413473,248.28349537037036,others,
1789,54413473,248.32655092592591,others,
1790,54413473,248.35212962962962,others,
1791,54413473,248.45407407407407,others,
1792,54413473,248.47883101851852,others,
1793,54413473,248.4797800925926,others,
1794,54413473,248.49114583333332,others,
1795,54413473,249.02070601851852,drama,
1796,54413473,249.02172453703704,drama,
1797,54413473,249.02459490740742,drama,
1798,54413473,249.0321064814815,drama,
1799,54413473,249.0442361111111,drama,
1800,54413473,249.26340277777777,others,
1801,54413473,249.26689814814816,others,
1802,54413473,249.28625,others,
1803,54413473,249.31672453703703,others,
1804,54413473,249.3787152777778,others,
1805,54413473,250.26482638888888,others,
1806,54413473,250.50247685185184,drama,
1807,54413473,250.50722222222223,drama,
1808,54413473,251.44805555555556,others,
1809,54413473,251.45038194444444,drama,
1810,54413473,252.1536574074074,others,
1811,54413473,252.15538194444446,others,
1812,54413473,252.1864351851852,others,
1813,54413473,252.2171064814815,others,
1814,54413473,252.25822916666667,others,
1815,54413473,252.30274305555557,others,
1816,54413473,252.3352662037037,others,
1817,54413473,252.3804976851852,others,
1818,54413473,252.41037037037037,others,
1819,54413473,252.4413888888889,others,
1820,54413473,252.4721412037037,others,
1821,54413473,252.67746527777777,others,
1822,54413473,253.3059722222222,others,
1823,54413473,253.33675925925925,others,
1824,54413473,253.34818287037038,others,
1825,54413473,253.3651851851852,others,
1826,54413473,253.41604166666667,others,
1827,54413473,253.4467013888889,others,
1828,54413473,253.4777777777778,others,
1829,54413473,254.32475694444443,drama,
1830,54413473,254.35417824074074,drama,
1831,54413473,254.37234953703702,drama,
1832,54413473,254.41380787037036,drama,
1833,54413473,255.29319444444445,drama,
1834,54413473,262.1305787037037,others,
1835,54413473,262.13262731481484,documentary,
1836,54413473,262.1799537037037,news,
1837,54413473,262.1959953703704,news,
1838,54413473,262.21194444444444,news,
1839,54413473,263.12464120370373,news,
1840,54413473,263.1411342592593,news,
1841,54413473,263.1570949074074,news,
1842,54413473,263.1730324074074,news,
1843,54413473,263.191712962963,news,
1844,54413473,263.21005787037035,news,
1845,54413473,263.21538194444446,news,
1846,54413473,263.2942824074074,drama,
1847,54413473,263.3268634259259,drama,
1848,54413473,263.98936342592594,drama,
1849,54413473,264.1021412037037,drama,
1850,54413473,264.13328703703706,drama,
1851,54413473,264.20153935185186,drama,
1852,54413473,264.86378472222225,drama,
1853,54413473,264.8941087962963,drama,
1854,54413473,264.92340277777777,drama,
1855,54413473,264.9884490740741,drama,
1856,54413473,265.01989583333335,drama,
1857,54413473,265.04994212962964,drama,
1858,54413473,265.15071759259257,drama,
1859,54413473,265.181875,drama,
1860,54413473,265.21287037037035,drama,
1861,54413473,265.24302083333333,drama,
1862,54413473,265.2714699074074,drama,
1863,54413473,265.3031134259259,drama,
1864,54413473,265.3346875,drama,
1865,54413473,265.37340277777776,drama,
1866,54413473,265.439375,drama,
1867,54413473,265.46930555555554,drama,
1868,54413473,265.4989699074074,drama,
1869,54413473,265.53172453703706,drama,
1870,54413473,265.5614814814815,drama,
1871,54413473,265.8714236111111,drama,
1872,54413473,265.88636574074076,drama,
1873,54413473,265.9175231481481,drama,
1874,54413473,265.94748842592594,drama,
1875,54413473,265.97760416666665,drama,
1876,54413473,266.0113773148148,drama,
1877,54413473,266.0371412037037,drama,
1878,54413473,266.068287037037,drama,
1879,54413473,266.09818287037035,drama,
1880,54413473,266.1300462962963,drama,
1881,54413473,266.1633796296296,drama,
1882,54413473,266.1945023148148,drama,
1883,54413473,266.2245486111111,drama,
1884,54413473,266.2646064814815,drama,
1885,54413473,266.2951736111111,drama,
1886,54413473,266.32773148148146,drama,
1887,54413473,266.3595833333333,drama,
1888,54413473,266.42957175925926,drama,
1889,54413473,266.45966435185187,drama,
1890,54413473,266.4894212962963,drama,
1891,54413473,266.51954861111113,drama,
1892,54413473,266.993125,entertainment,
1893,54413473,266.99449074074073,entertainment,
1894,54413473,266.9957175925926,entertainment,
1895,54413473,266.9971412037037,entertainment,
1896,54413473,267.0008912037037,entertainment,
1897,54413473,267.00731481481483,entertainment,
1898,54413473,267.00989583333336,entertainment,
1899,54413473,267.0111111111111,entertainment,
1900,54413473,267.04083333333335,music,
1901,54413473,267.0438310185185,music,
1902,54413473,267.04653935185183,entertainment,
1903,54413473,267.04887731481483,music,
1904,54413473,267.0510763888889,music,
1905,54413473,267.05457175925926,music,
1906,54413473,267.05766203703706,music,
1907,54413473,267.0609259259259,music,
1908,54413473,267.0641087962963,music,
1909,54413473,267.0668865740741,music,
1910,54413473,267.0698263888889,entertainment,
1911,54413473,267.0740509259259,music,
1912,54413473,267.07949074074077,music,
1913,54413473,267.0821990740741,music,
1914,54413473,267.0854282407407,music,
1915,54413473,267.0884837962963,music,
1916,54413473,267.0933333333333,music,
1917,54413473,267.09561342592593,music,
1918,54413473,267.09835648148146,entertainment,
1919,54413473,267.10120370370373,entertainment,
1920,54413473,267.1037847222222,music,
1921,54413473,267.1065162037037,music,
1922,54413473,267.1096064814815,music,
1923,54413473,267.11233796296295,music,
1924,54413473,267.115787037037,music,
1925,54413473,267.118599537037,music,
1926,54413473,267.12196759259257,music,
1927,54413473,267.1248958333333,music,
1928,54413473,267.1277314814815,music,
1929,54413473,267.130787037037,music,
1930,54413473,267.13417824074077,music,
1931,54413473,267.13675925925924,music,
1932,54413473,267.13972222222225,music,
1933,54413473,267.14290509259257,music,
1934,54413473,267.1456944444444,music,
1935,54413473,267.14891203703706,music,
1936,54413473,267.1521990740741,music,
1937,54413473,267.155625,music,
1938,54413473,267.1593402777778,music,
1939,54413473,267.16256944444444,music,
1940,54413473,267.1649884259259,music,
1941,54413473,267.16746527777775,music,
1942,54413473,267.1704050925926,music,
1943,54413473,267.17291666666665,music,
1944,54413473,267.1762268518519,music,
1945,54413473,267.1797569444444,music,
1946,54413473,267.18182870370373,music,
1947,54413473,267.18471064814815,music,
1948,54413473,267.18738425925926,music,
1949,54413473,267.1905092592593,music,
1950,54413473,267.19344907407407,music,
1951,54413473,267.1959722222222,music,
1952,54413473,267.19886574074076,music,
1953,54413473,267.20150462962965,music,
1954,54413473,267.2039814814815,music,
1955,54413473,267.20667824074076,music,
1956,54413473,267.20934027777776,music,
1957,54413473,267.21435185185186,entertainment,
1958,54413473,267.2158680555556,entertainment,
1959,54413473,267.2294444444444,drama,
1960,54413473,267.23751157407406,drama,
1961,54413473,267.26831018518516,drama,
1962,54413473,267.3107986111111,drama,
1963,54413473,267.3424074074074,drama,
1964,54413473,267.3869560185185,drama,
1965,54413473,267.4172453703704,drama,
1966,54413473,267.99850694444444,drama,
1967,54413473,268.00008101851853,drama,
1968,54413473,268.03092592592594,drama,
1969,54413473,268.23969907407405,drama,
1970,54413473,268.24891203703703,drama,
1971,54413473,268.2788888888889,drama,
1972,54413473,268.2807986111111,drama,
1973,54413473,268.2932638888889,drama,
1974,54413473,268.295462962963,drama,
1975,54413473,268.2963310185185,drama,
1976,54413473,268.33663194444443,drama,
1977,54413473,269.23668981481484,drama,
1978,54413473,269.2598726851852,drama,
1979,54413473,269.2948611111111,drama,
1980,54413473,269.31142361111114,drama,
1981,54413473,269.4461111111111,drama,
1982,54413473,269.46841435185183,drama,
1983,54413473,270.27372685185185,drama,
1984,54413473,270.2831597222222,drama,
1985,54413473,270.349375,drama,
1986,54413473,270.35859953703704,drama,
1987,54413473,270.3901041666667,drama,
1988,54413473,270.4218402777778,drama,
1989,54413473,270.45537037037036,drama,
1990,54413473,271.274375,drama,
1991,54413473,271.30471064814816,drama,
1992,54413473,271.35096064814815,drama,
1993,54413473,271.5321412037037,drama,
1994,54413473,271.56113425925923,news,
1995,54413473,272.2382175925926,movie,
1996,54413473,272.3647569444444,news,
1997,54413473,272.3809259259259,drama,
1998,54413473,272.3841898148148,drama,
1999,54413473,272.4035763888889,drama,
2000,54413473,272.4331712962963,drama,
2001,54413473,272.46386574074074,drama,
2002,54413473,272.49357638888887,drama,
2003,54413473,272.5234027777778,drama,
2004,54413473,273.2196990740741,movie,
2005,54413473,273.83547453703704,others,
2006,54413473,273.9103935185185,others,
2007,54413473,273.93958333333336,others,
2008,54413473,273.9689814814815,others,
2009,54413473,274.0078125,others,
2010,54413473,274.01512731481483,others,
2011,54413473,274.04545138888886,others,
2012,54413473,274.0743865740741,others,
2013,54413473,274.1032407407407,others,
2014,54413473,274.139525462963,others,
2015,54413473,274.16856481481483,others,
2016,54413473,274.19810185185185,others,
2017,54413473,274.2665740740741,others,
2018,54413473,274.30096064814813,others,
2019,54413473,274.3271064814815,others,
2020,54413473,274.3831134259259,others,
2021,54413473,274.41765046296297,news,
2022,54413473,274.44759259259257,others,
2023,54413473,274.4807175925926,others,
2024,54413473,274.49291666666664,others,
2025,54413473,274.4980092592593,others,
2026,54413473,274.5266087962963,others,
2027,54413473,274.55518518518517,others,
2028,54413473,274.9729861111111,others,
2029,54413473,275.1557407407407,others,
2030,54413473,275.1846412037037,movie,
2031,54413473,275.2762962962963,movie,
2032,54413473,275.2840277777778,others,
2033,54413473,275.3366550925926,movie,
2034,54413473,275.40358796296294,others,
2035,54413473,275.4325694444444,others,
2036,54413473,275.46054398148146,others,
2037,54413473,275.5040393518519,others,
2038,54413473,275.5325462962963,others,
2039,54413473,275.9244675925926,others,
2040,54413473,275.92997685185185,others,
2041,54413473,275.9897800925926,others,
2042,54413473,276.01824074074074,others,
2043,54413473,276.04599537037035,others,
2044,54413473,276.0752430555556,others,
2045,54413473,276.0794560185185,others,
2046,54413473,276.0978240740741,others,
2047,54413473,276.2394097222222,daily life,
2048,54413473,276.24060185185186,daily life,
2049,54413473,276.2743981481481,movie,
2050,54413473,276.27931712962965,drama,
2051,54413473,276.30971064814815,drama,
2052,54413473,276.33930555555554,drama,
2053,54413473,276.35709490740743,drama,
2054,54413473,276.3872337962963,drama,
2055,54413473,276.4147106481482,drama,
2056,54413473,276.4191666666667,drama,
2057,54413473,277.263125,others,
2058,54413473,277.32940972222224,drama,
2059,54413473,277.3334837962963,drama,
2060,54413473,277.3621180555556,drama,
2061,54413473,277.4174074074074,drama,
2062,54413473,277.46332175925926,drama,
2063,54413473,277.92881944444446,others,
2064,54413473,278.0247337962963,movie,
2065,54413473,278.03393518518516,others,
2066,54413473,278.12755787037037,drama,
2067,54413473,278.15390046296295,drama,
2068,54413473,278.2187847222222,drama,
2069,54413473,278.29802083333334,drama,
2070,54413473,278.30891203703703,movie,
2071,54413473,278.31113425925923,movie,
2072,54413473,278.4136805555556,others,
2073,54413473,278.50747685185183,drama,
2074,54413473,278.5417361111111,drama,
2075,54413473,279.01369212962965,drama,
2076,54413473,279.0605208333333,drama,
2077,54413473,279.07586805555553,drama,
2078,54413473,279.11099537037035,drama,
2079,54413473,279.1465625,drama,
2080,54413473,279.1891435185185,drama,
2081,54413473,279.2238425925926,drama,
2082,54413473,279.2590625,drama,
2083,54413473,279.2936574074074,drama,
2084,54413473,279.33043981481484,drama,
2085,54413473,279.3654513888889,drama,
2086,54413473,279.4002546296296,drama,
2087,54413473,279.4590972222222,drama,
2088,54413473,279.49375,drama,
2089,54413473,280.07876157407406,drama,
2090,54413473,280.10212962962964,drama,
2091,54413473,280.1371643518519,drama,
2092,54413473,280.1678240740741,drama,
2093,54413473,280.1953819444444,drama,
2094,54413473,280.26444444444445,drama,
2095,54413473,280.2978587962963,movie,
2096,54413473,280.3178472222222,drama,
2097,54413473,281.31525462962964,drama,
2098,54413473,281.3590046296296,drama,
2099,54413473,281.38858796296296,drama,
2100,54413473,281.41957175925927,drama,
2101,54413473,281.5082523148148,drama,
2102,54413473,282.3890856481481,drama,
2103,54413473,282.4069675925926,drama,
2104,54413473,282.4705671296296,drama,
2105,54413473,282.51574074074074,drama,
2106,54413473,283.1271527777778,news,
2107,54413473,283.1601273148148,news,
2108,54413473,283.1927777777778,news,
2109,54413473,283.263125,drama,
2110,54413473,283.26890046296296,drama,
2111,54413473,283.2971759259259,drama,
2112,54413473,283.3425462962963,drama,
2113,54413473,283.3717013888889,drama,
2114,54413473,283.42247685185185,drama,
2115,54413473,283.4303125,drama,
2116,54413473,283.45966435185187,drama,
2117,54413473,283.9652662037037,news,
2118,54413473,283.9980324074074,news,
2119,54413473,284.11943287037036,news,
2120,54413473,284.18216435185184,news,
2121,54413473,284.2885763888889,drama,
2122,54413473,284.2928240740741,drama,
2123,54413473,284.3432060185185,drama,
2124,54413473,284.3733449074074,drama,
2125,54413473,284.4040625,drama,
2126,54413473,284.4347685185185,drama,
2127,54413473,284.46438657407407,drama,
2128,54413473,285.269837962963,drama,
2129,54413473,285.29059027777777,drama,
2130,54413473,285.2946527777778,drama,
2131,54413473,285.29756944444443,drama,
2132,54413473,285.2993402777778,drama,
2133,54413473,285.3379166666667,drama,
2134,54413473,285.37350694444444,drama,
2135,54413473,285.40239583333334,drama,
2136,54413473,285.8822337962963,drama,
2137,54413473,285.89927083333333,drama,
2138,54413473,285.92880787037035,drama,
2139,54413473,285.96363425925927,drama,
2140,54413473,285.9934837962963,drama,
2141,54413473,286.02341435185184,drama,
2142,54413473,286.05233796296295,drama,
2143,54413473,286.11408564814815,drama,
2144,54413473,286.1446875,movie,
2145,54413473,286.2181597222222,movie,
2146,54413473,286.30288194444444,drama,
2147,54413473,286.3648148148148,others,
2148,54413473,286.4180324074074,drama,
2149,54413473,286.4267824074074,drama,
2150,54413473,286.44121527777776,drama,
2151,54413473,286.923900462963,drama,
2152,54413473,286.9391087962963,drama,
2153,54413473,286.95472222222224,drama,
2154,54413473,286.97623842592594,drama,
2155,54413473,287.0330671296296,drama,
2156,54413473,287.0481828703704,drama,
2157,54413473,287.0496064814815,drama,
2158,54413473,287.0647337962963,drama,
2159,54413473,287.0799768518518,drama,
2160,54413473,287.0952199074074,drama,
2161,54413473,287.10506944444444,drama,
2162,54413473,287.12033564814817,drama,
2163,54413473,287.13519675925926,drama,
2164,54413473,287.1502777777778,drama,
2165,54413473,287.1656134259259,drama,
2166,54413473,287.18074074074076,drama,
2167,54413473,287.1959259259259,drama,
2168,54413473,287.2117476851852,drama,
2169,54413473,287.22778935185187,drama,
2170,54413473,287.2607986111111,drama,
2171,54413473,287.29185185185185,drama,
2172,54413473,287.3643055555556,drama,
2173,54413473,287.3972337962963,drama,
2174,54413473,288.08684027777775,news,
2175,54413473,288.11662037037036,news,
2176,54413473,288.1476851851852,news,
2177,54413473,288.2147453703704,news,
2178,54413473,288.28494212962966,drama,
2179,54413473,288.2917824074074,drama,
2180,54413473,288.33451388888886,drama,
2181,54413473,288.54459490740743,drama,
2182,54413473,288.57515046296294,drama,
2183,54413473,289.0251273148148,news,
2184,54413473,289.1076273148148,news,
2185,54413473,289.14046296296294,news,
2186,54413473,289.2858449074074,drama,
2187,54413473,289.3006481481481,drama,
2188,54413473,289.3638888888889,drama,
2189,54413473,289.39472222222224,drama,
2190,54413473,289.43087962962966,drama,
2191,54413473,289.46358796296295,drama,
2192,54413473,289.5634375,drama,
2193,54413473,289.5942708333333,drama,
2194,54413473,290.12511574074074,news,
2195,54413473,290.1575,news,
2196,54413473,290.20743055555556,news,
2197,54413473,290.2627777777778,drama,
2198,54413473,290.2958449074074,drama,
2199,54413473,290.3389583333333,drama,
2200,54413473,290.3696180555556,drama,
2201,54413473,290.4131018518519,drama,
2202,54413473,290.4446412037037,drama,
2203,54413473,291.32011574074073,drama,
2204,54413473,291.32989583333335,drama,
2205,54413473,291.3845023148148,drama,
2206,54413473,291.50817129629627,drama,
2207,54413473,291.53729166666665,drama,
2208,54413473,292.2610763888889,drama,
2209,54413473,292.2625462962963,drama,
2210,54413473,292.2851851851852,drama,
2211,54413473,292.28846064814815,drama,
2212,54413473,292.3210763888889,drama,
2213,54413473,292.36275462962965,drama,
2214,54413473,292.4139699074074,drama,
2215,54413473,292.50943287037035,drama,
2216,54413473,292.9389699074074,drama,
2217,54413473,292.9602546296296,drama,
2218,54413473,292.96444444444444,drama,
2219,54413473,292.99450231481484,drama,
2220,54413473,293.04613425925925,drama,
2221,54413473,293.0857986111111,drama,
2222,54413473,293.11576388888886,drama,
2223,54413473,293.21818287037036,drama,
2224,54413473,293.26280092592594,drama,
2225,54413473,293.35901620370373,drama,
2226,54413473,293.3996064814815,drama,
2227,54413473,293.4016087962963,drama,
2228,54413473,293.4347569444444,drama,
2229,54413473,293.9054861111111,drama,
2230,54413473,293.90969907407407,drama,
2231,54413473,293.9656365740741,drama,
2232,54413473,294.10819444444445,drama,
2233,54413473,294.13834490740743,drama,
2234,54413473,294.1747916666667,drama,
2235,54413473,294.2216666666667,drama,
2236,54413473,294.2512962962963,drama,
2237,54413473,294.2806712962963,drama,
2238,54413473,294.36282407407407,drama,
2239,54413473,294.4123148148148,drama,
2240,54413473,294.47061342592593,drama,
2241,54413473,295.0913194444444,news,
2242,54413473,295.1240740740741,news,
2243,54413473,295.2033333333333,news,
2244,54413473,295.3151388888889,drama,
2245,54413473,295.344537037037,drama,
2246,54413473,295.3746990740741,drama,
2247,54413473,295.4048726851852,drama,
2248,54413473,296.0035763888889,drama,
2249,54413473,296.0331018518518,drama,
2250,54413473,296.1153472222222,news,
2251,54413473,296.28054398148146,drama,
2252,54413473,296.2813773148148,drama,
2253,54413473,296.285775462963,drama,
2254,54413473,296.2996064814815,drama,
2255,54413473,296.3261689814815,drama,
2256,54413473,296.3726273148148,drama,
2257,54413473,296.4015972222222,drama,
2258,54413473,296.43024305555554,drama,
2259,54413473,297.1112037037037,others,
2260,54413473,297.14136574074075,others,
2261,54413473,297.20627314814817,others,
2262,54413473,297.2664699074074,drama,
2263,54413473,297.26796296296294,drama,
2264,54413473,297.29760416666664,drama,
2265,54413473,297.3375,drama,
2266,54413473,297.42877314814814,drama,
2267,54413473,297.44475694444446,drama,
2268,54413473,297.4598726851852,drama,
2269,54413473,297.4745833333333,drama,
2270,54413473,297.4896064814815,drama,
2271,54413473,297.5052083333333,drama,
2272,54413473,298.2704861111111,drama,
2273,54413473,298.28569444444446,drama,
2274,54413473,298.3008796296296,drama,
2275,54413473,298.31644675925924,drama,
2276,54413473,298.3429513888889,drama,
2277,54413473,298.3574884259259,drama,
2278,54413473,298.37268518518516,drama,
2279,54413473,298.38814814814816,drama,
2280,54413473,298.5423263888889,drama,
2281,54413473,298.55738425925927,drama,
2282,54413473,298.5725462962963,drama,
2283,54413473,298.58828703703705,drama,
2284,54413473,298.6031018518519,drama,
2285,54413473,298.6188425925926,drama,
2286,54413473,299.2766550925926,drama,
2287,54413473,299.27780092592593,drama,
2288,54413473,299.2978587962963,drama,
2289,54413473,299.34769675925924,drama,
2290,54413473,299.38138888888886,others,
2291,54413473,299.40850694444447,drama,
2292,54413473,299.4418518518519,drama,
2293,54413473,299.47907407407405,drama,
2294,54413473,299.498900462963,movie,
2295,54413473,299.5330671296296,news,
2296,54413473,300.08752314814814,news,
2297,54413473,300.0892592592593,news,
2298,54413473,300.1236226851852,news,
2299,54413473,300.15391203703706,news,
2300,54413473,300.16069444444446,news,
2301,54413473,300.1772337962963,news,
2302,54413473,300.22875,news,
2303,54413473,300.2309490740741,news,
2304,54413473,300.2345949074074,news,
2305,54413473,300.2379513888889,news,
2306,54413473,300.2680208333333,news,
2307,54413473,300.29980324074074,news,
2308,54413473,300.3832523148148,news,
2309,54413473,300.4130671296296,news,
2310,54413473,300.4456134259259,news,
2311,54413473,300.4769328703704,news,
2312,54413473,300.50689814814814,news,
2313,54413473,300.538275462963,news,
2314,54413473,301.2137037037037,drama,
2315,54413473,301.2188773148148,drama,
2316,54413473,301.2487384259259,drama,
2317,54413473,301.3020833333333,drama,
2318,54413473,301.33180555555555,drama,
2319,54413473,301.36347222222224,drama,
2320,54413473,301.3888888888889,drama,
2321,54413473,301.3964583333333,drama,
2322,54413473,301.4359606481481,drama,
2323,54413473,301.46506944444445,drama,
2324,54413473,301.49614583333334,drama,
2325,54413473,301.52684027777775,drama,
2326,54413473,302.2795601851852,drama,
2327,54413473,302.3198958333333,drama,
2328,54413473,302.3547337962963,drama,
2329,54413473,302.3940509259259,drama,
2330,54413473,302.4235648148148,drama,
2331,54413473,302.4570601851852,drama,
2332,54413473,302.48641203703704,drama,
2333,54413473,302.52153935185186,drama,
2334,54413473,302.55104166666666,drama,
2335,54413473,303.27060185185184,drama,
2336,54413473,303.2770138888889,drama,
2337,54413473,303.30902777777777,drama,
2338,54413473,303.3391087962963,drama,
2339,54413473,303.4105671296296,drama,
2340,54413473,303.47017361111114,drama,
2341,54413473,303.49927083333336,drama,
2342,54413473,303.5304861111111,drama,
2343,54413473,304.2751736111111,drama,
2344,54413473,304.3046875,drama,
2345,54413473,304.3379861111111,drama,
2346,54413473,304.3675347222222,drama,
2347,54413473,304.3970949074074,drama,
2348,54413473,304.47215277777775,drama,
2349,54413473,304.50152777777777,drama,
2350,54413473,304.5340972222222,drama,
2351,54413473,305.2824537037037,entertainment,
2352,54413473,305.5302314814815,drama,
2353,54413473,306.3261689814815,drama,
2354,54413473,306.3636111111111,drama,
2355,54413473,306.472650462963,drama,
2356,54413473,306.56107638888886,drama,
2357,54413473,306.5634953703704,drama,
2358,54413473,306.59267361111114,drama,
2359,54413473,307.1502199074074,drama,
2360,54413473,307.1799652777778,drama,
2361,54413473,307.21949074074075,drama,
2362,54413473,307.27040509259257,drama,
2363,54413473,307.30079861111113,drama,
2364,54413473,307.33026620370373,drama,
2365,54413473,307.5838773148148,drama,
2366,54413473,307.61377314814814,drama,
2367,54413473,308.0295949074074,drama,
2368,54413473,308.04726851851854,drama,
2369,54413473,308.0764814814815,drama,
2370,54413473,308.1064583333333,drama,
2371,54413473,308.1716087962963,drama,
2372,54413473,308.20197916666666,drama,
2373,54413473,308.3386574074074,drama,
2374,54413473,308.3682060185185,drama,
2375,54413473,308.3975,drama,
2376,54413473,308.4266435185185,drama,
2377,54413473,308.4580555555556,drama,
2378,54413473,308.48726851851853,drama,
2379,54413473,308.519537037037,drama,
2380,54413473,308.54938657407405,drama,
2381,54413473,309.2786458333333,drama,
2382,54413473,309.2916550925926,drama,
2383,54413473,309.29295138888887,drama,
2384,54413473,309.33413194444444,drama,
2385,54413473,309.36329861111113,drama,
2386,54413473,309.39313657407405,drama,
2387,54413473,309.42240740740743,drama,
2388,54413473,310.0176851851852,others,
2389,54413473,311.30052083333334,movie,
2390,54413473,311.34160879629627,movie,
2391,54413473,311.47017361111114,drama,
2392,54413473,311.49927083333336,drama,
2393,54413473,311.5304861111111,drama,
2394,54413473,312.2751736111111,drama,
2395,54413473,312.3046875,drama,
2396,54413473,312.3379861111111,drama,
2397,54413473,312.3675347222222,drama,
2398,54413473,314.01505787037036,drama,
2399,54413473,314.03164351851854,drama,
2400,54413473,314.0375231481481,drama,
2401,54413473,314.0534375,drama,
2402,54413473,314.0714351851852,drama,
2403,54413473,314.0874768518519,drama,
2404,54413473,314.10359953703704,drama,
2405,54413473,314.1195138888889,drama,
2406,54413473,314.13563657407406,drama,
2407,54413473,314.20649305555554,drama,
2408,54413473,314.20811342592594,drama,
2409,54413473,314.2444791666667,drama,
2410,54413473,314.26006944444447,drama,
2411,54413473,314.2755671296296,drama,
2412,54413473,314.2908796296296,drama,
2413,54413473,314.30538194444443,drama,
2414,54413473,314.3209953703704,drama,
2415,54413473,314.3365856481482,drama,
2416,54413473,314.3525925925926,drama,
2417,54413473,314.3681712962963,drama,
2418,54413473,314.38434027777777,drama,
2419,54413473,314.40050925925925,drama,
2420,54413473,314.4165046296296,drama,
2421,54413473,314.43498842592595,drama,
2422,54413473,314.49163194444446,drama,
2423,54413473,314.5442476851852,drama,
2424,54413473,314.634212962963,movie,
2425,54413473,314.66230324074075,movie,
2426,54413473,314.99908564814814,movie,
2427,54413473,315.03082175925925,movie,
2428,54413473,315.0686111111111,movie,
2429,54413473,315.14842592592595,movie,
2430,54413473,315.1783449074074,movie,
2431,54413473,315.21994212962966,movie,
2432,54413473,315.2611574074074,movie,
2433,54413473,315.2940162037037,movie,
2434,54413473,315.3467708333333,movie,
2435,54413473,315.3774421296296,movie,
2436,54413473,315.40738425925923,movie,
2437,54413473,315.5590162037037,movie,
2438,54413473,315.57488425925925,movie,
2439,54413473,315.60582175925924,movie,
2440,54413473,316.29747685185185,movie,
2441,54413473,316.36443287037036,movie,
2442,54413473,316.3953125,movie,
2443,54413473,316.47143518518516,movie,
2444,54413473,317.2784722222222,movie,
2445,54413473,317.2924884259259,movie,
2446,54413473,317.3218287037037,movie,
2447,54413473,317.3816550925926,movie,
2448,54413473,317.4123611111111,movie,
2449,54413473,317.44457175925925,movie,
2450,54413473,317.47489583333333,movie,
2451,54413473,318.2480324074074,movie,
2452,54413473,318.2530902777778,movie,
2453,54413473,318.2837152777778,movie,
2454,54413473,318.31333333333333,movie,
2455,54413473,318.3156134259259,movie,
2456,54413473,318.3441898148148,movie,
2457,54413473,318.390625,movie,
2458,54413473,318.4201273148148,movie,
2459,54413473,319.2431481481481,movie,
2460,54413473,319.2539351851852,movie,
2461,54413473,319.28497685185187,movie,
2462,54413473,319.3084490740741,movie,
2463,54413473,319.30952546296294,movie,
2464,54413473,319.36854166666666,movie,
2465,54413473,319.42841435185187,movie,
2466,54413473,320.27307870370373,drama,
2467,54413473,320.3042013888889,drama,
2468,54413473,320.97712962962964,drama,
2469,54413473,321.00836805555554,drama,
2470,54413473,321.0384143518518,drama,
2471,54413473,321.0684606481482,drama,
2472,54413473,321.0984837962963,drama,
2473,54413473,321.12797453703706,drama,
2474,54413473,321.1579861111111,drama,
2475,54413473,321.18782407407406,drama,
2476,54413473,321.2002662037037,drama,
2477,54413473,321.2303587962963,drama,
2478,54413473,321.2604398148148,drama,
2479,54413473,321.2909375,drama,
2480,54413473,321.3232986111111,others,
2481,54413473,321.38530092592595,drama,
2482,54413473,321.4155439814815,drama,
2483,54413473,321.4453472222222,drama,
2484,54413473,321.90605324074073,drama,
2485,54413473,321.98310185185187,drama,
2486,54413473,322.014837962963,drama,
2487,54413473,322.04590277777777,drama,
2488,54413473,322.076712962963,drama,
2489,54413473,322.166875,movie,
2490,54413473,322.1834375,drama,
2491,54413473,322.27440972222223,drama,
2492,54413473,322.30405092592594,drama,
2493,54413473,323.52533564814814,drama,
2494,54413473,323.53034722222225,drama,
2495,54413473,323.55952546296294,drama,
2496,54413473,326.4143402777778,drama,
2497,54413473,326.4452662037037,drama,
2498,54413473,326.47533564814813,drama,
2499,54413473,328.94265046296294,drama,
2500,54413473,329.1078703703704,drama,
2501,54413473,329.13550925925927,drama,
2502,54413473,329.18310185185186,drama,
2503,54413473,329.22189814814817,drama,
2504,54413473,329.2529861111111,drama,
2505,54413473,329.27105324074074,drama,
2506,54413473,329.29059027777777,drama,
2507,54413473,329.33503472222225,drama,
2508,54413473,329.40238425925924,drama,
2509,54413473,329.43203703703705,drama,
2510,54413473,329.46180555555554,drama,
2511,54413473,329.49144675925925,drama,
2512,54413473,329.5382407407407,drama,
2513,54413473,330.2854513888889,drama,
2514,54413473,330.30515046296296,drama,
2515,54413473,330.33444444444444,drama,
2516,54413473,330.34672453703706,drama,
2517,54413473,330.3768865740741,drama,
2518,54413473,330.40644675925927,drama,
2519,54413473,330.4610416666667,drama,
2520,54413473,330.49074074074076,drama,
2521,54413473,330.9328703703704,movie,
2522,54413473,330.9359259259259,movie,
2523,54413473,330.9968402777778,movie,
2524,54413473,331.27064814814815,drama,
2525,54413473,331.29239583333333,drama,
2526,54413473,331.3220949074074,drama,
2527,54413473,331.35877314814815,drama,
2528,54413473,331.3888425925926,drama,
2529,54413473,332.3221990740741,drama,
2530,54413473,332.35866898148146,drama,
2531,54413473,332.42662037037036,drama,
2532,54413473,332.46465277777776,drama,
2533,54413473,332.4947685185185,drama,
2534,54413473,334.28627314814815,drama,
2535,54413473,334.3023611111111,drama,
2536,54413473,334.31864583333333,drama,
2537,54413473,334.3346412037037,drama,
2538,54413473,334.35072916666667,drama,
2539,54413473,334.3665046296296,drama,
2540,54413473,334.38248842592594,drama,
2541,54413473,334.38947916666666,drama,
2542,54413473,334.4433564814815,drama,
