,time,event0,event1,event2,event3,event4,event5
0,0.0,desktop,14,0.0,2.0,1.0,2.0
1,2.0,desktop,14,1.0,1.0,3.0,1.0
2,3.0,desktop,14,4.0,3.0,3.0,3.0
3,6.0,desktop,14,7.0,16.0,18.0,3.0
4,22.0,mobile,14,25.0,5.0,2.0,5.0
5,27.0,mobile,14,27.0,2.0,2.0,2.0
6,29.0,mobile,14,29.0,2.0,2.0,2.0
7,31.0,mobile,14,31.0,2.0,4.0,2.0
8,33.0,mobile,14,35.0,4.0,6.0,4.0
9,37.0,mobile,14,41.0,6.0,3.0,6.0
10,43.0,mobile,14,44.0,3.0,1.0,3.0
11,46.0,mobile,14,45.0,1.0,6.0,1.0
12,47.0,mobile,14,51.0,6.0,2.0,6.0
