,time,event0,event1,event2,event3,event4,event5
0,0.0,mobile,12,0.0,1.0,1.0,1.0
1,1.0,mobile,12,1.0,1.0,1.0,1.0
2,2.0,mobile,12,2.0,1.0,2.0,1.0
3,3.0,mobile,12,4.0,176.0,176.0,2.0
4,179.0,tablet,12,180.0,2.0,4.0,2.0
5,181.0,mobile,12,184.0,4.0,3.0,4.0
6,185.0,mobile,12,187.0,3.0,3.0,3.0
7,188.0,mobile,12,190.0,3.0,4.0,3.0
8,191.0,mobile,12,194.0,4.0,3.0,4.0
9,195.0,mobile,12,197.0,3.0,6.0,3.0
10,198.0,mobile,12,203.0,6.0,1.0,6.0
