,time,event0,event1,event2,event3,event4,event5
0,0.0,desktop,13,0.0,5.0,1.0,5.0
1,5.0,desktop,13,1.0,1.0,1.0,1.0
2,6.0,desktop,13,2.0,1.0,2.0,1.0
3,7.0,mobile,13,4.0,2.0,2.0,2.0
4,9.0,mobile,13,6.0,110.0,109.0,2.0
5,119.0,desktop,13,115.0,1.0,1.0,1.0
6,120.0,desktop,13,116.0,1.0,1.0,1.0
7,121.0,desktop,13,117.0,1.0,2.0,1.0
8,122.0,desktop,13,119.0,2.0,3.0,2.0
9,124.0,mobile,13,122.0,3.0,2.0,3.0
10,127.0,desktop,13,124.0,2.0,1.0,2.0
11,129.0,desktop,13,125.0,1.0,1.0,1.0
