,time,event0,event1,event2,event3,event4,event5
0,0.0,desktop,13,0.0,7.0,2.0,7.0
1,7.0,desktop,13,2.0,2.0,3.0,2.0
2,9.0,desktop,13,5.0,3.0,2.0,3.0
3,12.0,desktop,13,7.0,98.0,101.0,2.0
4,110.0,desktop,13,108.0,5.0,3.0,5.0
5,115.0,desktop,13,111.0,3.0,1.0,3.0
6,118.0,desktop,13,112.0,1.0,3.0,1.0
7,119.0,desktop,13,115.0,112.0,113.0,3.0
8,231.0,desktop,13,228.0,4.0,4.0,4.0
9,235.0,desktop,13,232.0,4.0,5.0,4.0
10,239.0,desktop,13,237.0,5.0,2.0,5.0
11,244.0,desktop,13,239.0,2.0,1.0,2.0
