,time,event0,event1,event2,event3,event4,event5
0,0.0,mobile,14,0.0,3.0,3.0,3.0
1,3.0,mobile,14,3.0,3.0,2.0,3.0
2,6.0,mobile,14,5.0,2.0,1.0,2.0
3,8.0,mobile,14,6.0,1.0,3.0,1.0
4,9.0,mobile,14,9.0,9.0,8.0,3.0
5,18.0,mobile,14,17.0,2.0,2.0,2.0
6,20.0,mobile,14,19.0,2.0,4.0,2.0
7,22.0,mobile,14,23.0,4.0,1.0,4.0
8,26.0,mobile,14,24.0,33.0,34.0,1.0
9,59.0,mobile,14,58.0,2.0,3.0,2.0
10,61.0,mobile,14,61.0,3.0,4.0,3.0
11,64.0,mobile,14,65.0,4.0,4.0,4.0
12,68.0,mobile,14,69.0,4.0,2.0,4.0
