,time,event0,event1,event2,event3,event4,event5
0,0.0,desktop,12,0.0,11.0,29.0,11.0
1,11.0,desktop,12,29.0,29.0,6.0,29.0
2,40.0,desktop,12,35.0,6.0,3.0,6.0
3,46.0,desktop,12,38.0,94.0,92.0,3.0
4,140.0,desktop,12,130.0,1.0,1.0,1.0
5,141.0,desktop,12,131.0,1.0,2.0,1.0
6,142.0,desktop,12,133.0,2.0,7.0,2.0
7,144.0,mobile,12,140.0,46.0,40.0,7.0
8,190.0,desktop,12,180.0,1.0,3.0,1.0
9,191.0,desktop,12,183.0,3.0,6.0,3.0
10,194.0,desktop,12,189.0,6.0,10.0,6.0
