,time,event0,event1,event2,event3,event4,event5
0,0.0,desktop,12,0.0,2.0,1.0,2.0
1,2.0,desktop,12,1.0,1.0,1.0,1.0
2,3.0,mobile,12,2.0,1.0,6.0,1.0
3,4.0,mobile,12,8.0,10.0,5.0,6.0
4,14.0,mobile,12,13.0,1.0,1.0,1.0
5,15.0,mobile,12,14.0,1.0,2.0,1.0
6,16.0,mobile,12,16.0,2.0,7.0,2.0
7,18.0,mobile,12,23.0,24.0,18.0,7.0
8,42.0,desktop,12,41.0,1.0,1.0,1.0
9,43.0,desktop,12,42.0,1.0,1.0,1.0
10,44.0,desktop,12,43.0,1.0,1.0,1.0
