,time,event0,event1,event2,event3,event4,event5
0,0.0,desktop,12,0.0,5.0,3.0,3.0
1,5.0,desktop,12,3.0,1.0,3.0,1.0
2,6.0,desktop,12,6.0,3.0,3.0,3.0
3,9.0,desktop,12,9.0,3.0,1.0,3.0
4,12.0,desktop,12,10.0,4.0,4.0,1.0
5,16.0,desktop,12,14.0,181.0,182.0,1.0
6,197.0,desktop,12,196.0,2.0,1.0,2.0
7,199.0,desktop,12,197.0,1.0,1.0,1.0
8,200.0,desktop,12,198.0,1.0,1.0,1.0
9,201.0,desktop,12,199.0,1.0,1.0,1.0
10,202.0,desktop,12,200.0,1.0,2.0,1.0
