,time,event0,event1,event2,event3,event4,event5
0,0.0,desktop,13,0.0,1.0,1.0,1.0
1,1.0,mobile,13,1.0,1.0,1.0,1.0
2,2.0,mobile,13,2.0,1.0,1.0,1.0
3,3.0,mobile,13,3.0,1.0,1.0,1.0
4,4.0,mobile,13,4.0,132.0,133.0,1.0
5,136.0,mobile,13,137.0,2.0,2.0,2.0
6,138.0,mobile,13,139.0,2.0,2.0,2.0
7,140.0,mobile,13,141.0,2.0,3.0,2.0
8,142.0,mobile,13,144.0,102.0,100.0,3.0
9,244.0,mobile,13,244.0,1.0,1.0,1.0
10,245.0,mobile,13,245.0,1.0,1.0,1.0
11,246.0,mobile,13,246.0,1.0,2.0,1.0
