,time,event0,event1,event2,event3,event4,event5
0,0.0,desktop,14,0.0,1.0,4.0,1.0
1,1.0,desktop,14,4.0,4.0,2.0,4.0
2,5.0,desktop,14,6.0,2.0,1.0,2.0
3,7.0,desktop,14,7.0,1.0,1.0,1.0
4,8.0,desktop,14,8.0,4.0,7.0,1.0
5,12.0,desktop,14,15.0,4.0,1.0,4.0
6,16.0,desktop,14,16.0,1.0,1.0,1.0
7,17.0,desktop,14,17.0,1.0,1.0,1.0
8,18.0,desktop,14,18.0,2.0,2.0,1.0
9,20.0,desktop,14,20.0,5.0,7.0,1.0
10,25.0,desktop,14,27.0,3.0,2.0,3.0
11,28.0,desktop,14,29.0,2.0,2.0,2.0
12,30.0,desktop,14,31.0,2.0,1.0,2.0
