,time,event0,event1,event2,event3,event4,event5
0,0.0,desktop,11,0.0,2.0,3.0,2.0
1,2.0,desktop,11,3.0,3.0,4.0,3.0
2,5.0,desktop,11,7.0,4.0,2.0,4.0
3,9.0,desktop,11,9.0,2.0,2.0,2.0
4,11.0,desktop,11,11.0,2.0,3.0,2.0
5,13.0,desktop,11,14.0,136.0,135.0,3.0
6,149.0,desktop,11,149.0,2.0,2.0,2.0
7,151.0,desktop,11,151.0,2.0,2.0,2.0
8,153.0,desktop,11,153.0,2.0,7.0,2.0
9,155.0,desktop,11,160.0,7.0,1.0,7.0
