,time,event0,event1,event2,event3,event4,event5
0,0.0,desktop,12,0.0,1.0,1.0,1.0
1,1.0,desktop,12,1.0,1.0,1.0,1.0
2,2.0,desktop,12,2.0,1.0,5.0,1.0
3,3.0,desktop,12,7.0,5.0,7.0,5.0
4,8.0,desktop,12,14.0,95.0,89.0,7.0
5,103.0,desktop,12,103.0,8.0,8.0,1.0
6,111.0,desktop,12,111.0,1.0,2.0,1.0
7,112.0,desktop,12,113.0,2.0,1.0,2.0
8,114.0,desktop,12,114.0,1.0,1.0,1.0
9,115.0,mobile,12,115.0,1.0,1.0,1.0
10,116.0,desktop,12,116.0,1.0,1.0,1.0
