,time,event0,event1,event2,event3,event4,event5
0,0.0,mobile,12,0.0,1.0,2.0,1.0
1,1.0,mobile,12,2.0,2.0,3.0,2.0
2,3.0,mobile,12,5.0,3.0,1.0,3.0
3,6.0,mobile,12,6.0,1.0,2.0,1.0
4,7.0,mobile,12,8.0,2.0,2.0,2.0
5,9.0,mobile,12,10.0,2.0,2.0,2.0
6,11.0,mobile,12,12.0,112.0,111.0,2.0
7,123.0,mobile,12,123.0,1.0,3.0,1.0
8,124.0,mobile,12,126.0,3.0,2.0,3.0
9,127.0,mobile,12,128.0,2.0,5.0,2.0
10,129.0,mobile,12,133.0,5.0,5.0,5.0
