,time,event0,event1,event2,event3,event4,event5
0,0.0,desktop,13,0.0,4.0,1.0,4.0
1,4.0,mobile,13,1.0,1.0,1.0,1.0
2,5.0,desktop,13,2.0,1.0,1.0,1.0
3,6.0,desktop,13,3.0,1.0,1.0,1.0
4,7.0,desktop,13,4.0,1.0,1.0,1.0
5,8.0,desktop,13,5.0,93.0,95.0,1.0
6,101.0,desktop,13,100.0,3.0,2.0,3.0
7,104.0,desktop,13,102.0,2.0,2.0,2.0
8,106.0,desktop,13,104.0,2.0,2.0,2.0
9,108.0,desktop,13,106.0,2.0,2.0,2.0
10,110.0,desktop,13,108.0,2.0,2.0,2.0
11,112.0,desktop,13,110.0,2.0,1.0,2.0
