,time,event0,event1,event2,event3,event4,event5
0,0.0,desktop,14,0.0,2.0,2.0,2.0
1,2.0,desktop,14,2.0,2.0,3.0,2.0
2,4.0,desktop,14,5.0,3.0,1.0,3.0
3,7.0,desktop,14,6.0,1.0,1.0,1.0
4,8.0,desktop,14,7.0,1.0,5.0,1.0
5,9.0,desktop,14,12.0,26.0,23.0,5.0
6,35.0,desktop,14,35.0,2.0,3.0,2.0
7,37.0,desktop,14,38.0,3.0,1.0,3.0
8,40.0,desktop,14,39.0,1.0,1.0,1.0
9,41.0,desktop,14,40.0,1.0,1.0,1.0
10,42.0,desktop,14,41.0,1.0,1.0,1.0
11,43.0,desktop,14,42.0,1.0,1.0,1.0
12,44.0,desktop,14,43.0,1.0,1.0,1.0
