,time,event0,event1,event2,event3,event4,event5
0,0.0,desktop,13,0.0,3.0,2.0,3.0
1,3.0,desktop,13,2.0,2.0,4.0,2.0
2,5.0,desktop,13,6.0,4.0,4.0,4.0
3,9.0,desktop,13,10.0,80.0,77.0,4.0
4,89.0,desktop,13,87.0,1.0,1.0,1.0
5,90.0,desktop,13,88.0,1.0,1.0,1.0
6,91.0,desktop,13,89.0,1.0,1.0,1.0
7,92.0,desktop,13,90.0,114.0,114.0,1.0
8,206.0,desktop,13,204.0,1.0,1.0,1.0
9,207.0,desktop,13,205.0,1.0,1.0,1.0
10,208.0,desktop,13,206.0,1.0,1.0,1.0
11,209.0,desktop,13,207.0,1.0,1.0,1.0
