,time,event0,event1,event2,event3,event4,event5
0,0.0,desktop,13,0.0,4.0,3.0,4.0
1,4.0,desktop,13,3.0,3.0,7.0,3.0
2,7.0,desktop,13,10.0,7.0,1.0,7.0
3,14.0,desktop,13,11.0,1.0,3.0,1.0
4,15.0,desktop,13,14.0,9.0,10.0,3.0
5,24.0,mobile,13,24.0,4.0,5.0,4.0
6,28.0,desktop,13,29.0,5.0,3.0,5.0
7,33.0,mobile,13,32.0,3.0,1.0,3.0
8,36.0,mobile,13,33.0,1.0,2.0,1.0
9,37.0,mobile,13,35.0,2.0,3.0,2.0
10,39.0,mobile,13,38.0,3.0,6.0,3.0
11,42.0,desktop,13,44.0,6.0,1.0,6.0
