,time,event0,event1,event2,event3,event4,event5
0,0.0,desktop,11,0.0,2.0,2.0,2.0
1,2.0,desktop,11,2.0,2.0,2.0,2.0
2,4.0,desktop,11,4.0,2.0,1.0,2.0
3,6.0,desktop,11,5.0,1.0,3.0,1.0
4,7.0,desktop,11,8.0,35.0,33.0,3.0
5,42.0,desktop,11,41.0,3.0,4.0,1.0
6,45.0,desktop,11,45.0,2.0,3.0,2.0
7,47.0,desktop,11,48.0,3.0,2.0,3.0
8,50.0,desktop,11,50.0,2.0,2.0,2.0
9,52.0,desktop,11,52.0,2.0,4.0,2.0
