,time,event0,event1,event2,event3,event4,event5
0,0.0,desktop,13,0.0,1.0,1.0,1.0
1,1.0,desktop,13,1.0,1.0,2.0,1.0
2,2.0,desktop,13,3.0,2.0,1.0,2.0
3,4.0,desktop,13,4.0,1.0,1.0,1.0
4,5.0,desktop,13,5.0,127.0,127.0,1.0
5,132.0,desktop,13,132.0,1.0,2.0,1.0
6,133.0,desktop,13,134.0,2.0,7.0,2.0
7,135.0,desktop,13,141.0,11.0,5.0,7.0
8,146.0,desktop,13,146.0,52.0,52.0,1.0
9,198.0,desktop,13,198.0,1.0,1.0,1.0
10,199.0,desktop,13,199.0,1.0,1.0,1.0
11,200.0,desktop,13,200.0,1.0,1.0,1.0
