,time,event0,event1,event2,event3,event4,event5
0,0.0,desktop,12,0.0,1.0,2.0,1.0
1,1.0,desktop,12,2.0,2.0,1.0,2.0
2,3.0,desktop,12,3.0,1.0,5.0,1.0
3,4.0,desktop,12,8.0,150.0,147.0,5.0
4,154.0,desktop,12,155.0,2.0,3.0,2.0
5,156.0,desktop,12,158.0,3.0,1.0,3.0
6,159.0,desktop,12,159.0,1.0,2.0,1.0
7,160.0,desktop,12,161.0,2.0,2.0,2.0
8,162.0,desktop,12,163.0,2.0,3.0,2.0
9,164.0,desktop,12,166.0,3.0,2.0,3.0
10,167.0,desktop,12,168.0,2.0,4.0,2.0
