,time,event0,event1,event2,event3,event4,event5
0,0.0,desktop,13,0.0,1.0,4.0,1.0
1,1.0,desktop,13,4.0,4.0,3.0,4.0
2,5.0,desktop,13,7.0,3.0,2.0,3.0
3,8.0,mobile,13,9.0,67.0,69.0,2.0
4,75.0,desktop,13,78.0,4.0,2.0,4.0
5,79.0,desktop,13,80.0,2.0,2.0,2.0
6,81.0,desktop,13,82.0,2.0,1.0,2.0
7,83.0,desktop,13,83.0,1.0,3.0,1.0
8,84.0,desktop,13,86.0,18.0,16.0,3.0
9,102.0,desktop,13,102.0,1.0,6.0,1.0
10,103.0,desktop,13,108.0,6.0,1.0,6.0
11,109.0,desktop,13,109.0,1.0,6.0,1.0
