,time,event0,event1,event2,event3,event4,event5
0,0.0,mobile,12,0.0,1.0,3.0,1.0
1,1.0,mobile,12,3.0,3.0,1.0,3.0
2,4.0,mobile,12,4.0,1.0,4.0,1.0
3,5.0,mobile,12,8.0,4.0,2.0,4.0
4,9.0,mobile,12,10.0,2.0,2.0,2.0
5,11.0,mobile,12,12.0,19.0,22.0,2.0
6,30.0,desktop,12,34.0,5.0,4.0,5.0
7,35.0,desktop,12,38.0,4.0,4.0,4.0
8,39.0,desktop,12,42.0,4.0,4.0,4.0
9,43.0,mobile,12,46.0,4.0,2.0,4.0
10,47.0,mobile,12,48.0,2.0,1.0,2.0
