,time,event0,event1,event2,event3,event4,event5
0,0.0,mobile,14,0.0,1.0,1.0,1.0
1,1.0,mobile,14,1.0,1.0,2.0,1.0
2,2.0,mobile,14,3.0,2.0,2.0,2.0
3,4.0,mobile,14,5.0,2.0,1.0,2.0
4,6.0,mobile,14,6.0,29.0,30.0,1.0
5,35.0,mobile,14,36.0,8.0,8.0,2.0
6,43.0,mobile,14,44.0,2.0,3.0,2.0
7,45.0,mobile,14,47.0,3.0,3.0,3.0
8,48.0,mobile,14,50.0,3.0,2.0,3.0
9,51.0,mobile,14,52.0,33.0,32.0,2.0
10,84.0,mobile,14,84.0,4.0,4.0,1.0
11,88.0,mobile,14,88.0,4.0,4.0,1.0
12,92.0,mobile,14,92.0,1.0,2.0,1.0
