,time,event0,event1,event2,event3,event4,event5
0,0.0,desktop,11,0.0,6.0,4.0,6.0
1,6.0,desktop,11,4.0,4.0,1.0,4.0
2,10.0,desktop,11,5.0,1.0,7.0,1.0
3,11.0,desktop,11,12.0,26.0,23.0,7.0
4,37.0,desktop,11,35.0,4.0,1.0,4.0
5,41.0,desktop,11,36.0,1.0,3.0,1.0
6,42.0,desktop,11,39.0,3.0,3.0,3.0
7,45.0,desktop,11,42.0,3.0,3.0,3.0
8,48.0,desktop,11,45.0,3.0,2.0,3.0
9,51.0,desktop,11,47.0,2.0,1.0,2.0
