,time,event0,event1,event2,event3,event4,event5
0,0.0,desktop,11,0.0,1.0,2.0,1.0
1,1.0,desktop,11,2.0,2.0,1.0,2.0
2,3.0,desktop,11,3.0,1.0,1.0,1.0
3,4.0,desktop,11,4.0,224.0,224.0,1.0
4,228.0,desktop,11,228.0,1.0,1.0,1.0
5,229.0,desktop,11,229.0,1.0,1.0,1.0
6,230.0,desktop,11,230.0,1.0,2.0,1.0
7,231.0,desktop,11,232.0,5.0,6.0,2.0
8,236.0,desktop,11,238.0,3.0,1.0,3.0
9,239.0,desktop,11,239.0,1.0,1.0,1.0
