,time,event0,event1,event2,event3,event4,event5
0,0.0,desktop,11,0.0,2.0,1.0,2.0
1,2.0,desktop,11,1.0,1.0,1.0,1.0
2,3.0,mobile,11,2.0,1.0,1.0,1.0
3,4.0,desktop,11,3.0,1.0,3.0,1.0
4,5.0,desktop,11,6.0,191.0,191.0,3.0
5,196.0,mobile,11,197.0,3.0,2.0,3.0
6,199.0,mobile,11,199.0,2.0,1.0,2.0
7,201.0,mobile,11,200.0,1.0,3.0,1.0
8,202.0,mobile,11,203.0,3.0,4.0,3.0
9,205.0,mobile,11,207.0,4.0,1.0,4.0
