,time,event0,event1,event2,event3,event4,event5
0,0.0,desktop,12,0.0,2.0,1.0,2.0
1,2.0,tablet,12,1.0,1.0,1.0,1.0
2,3.0,tablet,12,2.0,1.0,1.0,1.0
3,4.0,tablet,12,3.0,23.0,23.0,1.0
4,27.0,tablet,12,26.0,1.0,1.0,1.0
5,28.0,desktop,12,27.0,1.0,3.0,1.0
6,29.0,tablet,12,30.0,3.0,2.0,3.0
7,32.0,tablet,12,32.0,4.0,3.0,2.0
8,36.0,mobile,12,35.0,1.0,1.0,1.0
9,37.0,mobile,12,36.0,1.0,1.0,1.0
10,38.0,tablet,12,37.0,1.0,2.0,1.0
