,time,event0,event1,event2,event3,event4,event5
0,0.0,desktop,12,0.0,4.0,2.0,4.0
1,4.0,desktop,12,2.0,2.0,1.0,2.0
2,6.0,desktop,12,3.0,1.0,1.0,1.0
3,7.0,desktop,12,4.0,1.0,1.0,1.0
4,8.0,desktop,12,5.0,1.0,1.0,1.0
5,9.0,desktop,12,6.0,157.0,158.0,1.0
6,166.0,desktop,12,164.0,2.0,2.0,2.0
7,168.0,desktop,12,166.0,2.0,3.0,2.0
8,170.0,desktop,12,169.0,3.0,2.0,3.0
9,173.0,desktop,12,171.0,2.0,2.0,2.0
10,175.0,desktop,12,173.0,2.0,1.0,2.0
