,time,event0,event1,event2,event3,event4,event5
0,0.0,desktop,11,0.0,4.0,2.0,4.0
1,4.0,desktop,11,2.0,2.0,1.0,2.0
2,6.0,tablet,11,3.0,1.0,3.0,1.0
3,7.0,desktop,11,6.0,219.0,218.0,3.0
4,226.0,desktop,11,224.0,2.0,2.0,2.0
5,228.0,desktop,11,226.0,2.0,2.0,2.0
6,230.0,desktop,11,228.0,2.0,3.0,2.0
7,232.0,desktop,11,231.0,3.0,3.0,3.0
8,235.0,tablet,11,234.0,3.0,2.0,3.0
9,238.0,tablet,11,236.0,2.0,1.0,2.0
