,time,event0,event1,event2,event3,event4,event5
0,0.0,mobile,11,0.0,1.0,3.0,1.0
1,1.0,mobile,11,3.0,3.0,3.0,3.0
2,4.0,mobile,11,6.0,3.0,1.0,3.0
3,7.0,mobile,11,7.0,1.0,3.0,1.0
4,8.0,mobile,11,10.0,145.0,143.0,3.0
5,153.0,mobile,11,153.0,1.0,1.0,1.0
6,154.0,mobile,11,154.0,1.0,2.0,1.0
7,155.0,desktop,11,156.0,2.0,4.0,2.0
8,157.0,desktop,11,160.0,4.0,4.0,4.0
9,161.0,desktop,11,164.0,4.0,4.0,4.0
