,time,event0,event1,event2,event3,event4,event5
0,0.0,desktop,14,0.0,4.0,2.0,4.0
1,4.0,desktop,14,2.0,2.0,2.0,2.0
2,6.0,mobile,14,4.0,2.0,4.0,2.0
3,8.0,mobile,14,8.0,4.0,4.0,4.0
4,12.0,mobile,14,12.0,4.0,2.0,4.0
5,16.0,mobile,14,14.0,5.0,6.0,2.0
6,21.0,mobile,14,20.0,3.0,3.0,3.0
7,24.0,mobile,14,23.0,3.0,1.0,3.0
8,27.0,mobile,14,24.0,1.0,4.0,1.0
9,28.0,mobile,14,28.0,148.0,145.0,4.0
10,176.0,mobile,14,173.0,1.0,7.0,1.0
11,177.0,mobile,14,180.0,7.0,1.0,7.0
12,184.0,mobile,14,181.0,1.0,1.0,1.0
