,time,event0,event1,event2,event3,event4,event5
0,0.0,desktop,12,0.0,1.0,2.0,1.0
1,1.0,desktop,12,2.0,2.0,1.0,2.0
2,3.0,desktop,12,3.0,1.0,1.0,1.0
3,4.0,desktop,12,4.0,1.0,2.0,1.0
4,5.0,desktop,12,6.0,2.0,3.0,2.0
5,7.0,desktop,12,9.0,78.0,78.0,3.0
6,85.0,desktop,12,87.0,3.0,3.0,3.0
7,88.0,desktop,12,90.0,3.0,3.0,3.0
8,91.0,desktop,12,93.0,6.0,4.0,3.0
9,97.0,desktop,12,97.0,1.0,3.0,1.0
10,98.0,desktop,12,100.0,3.0,1.0,3.0
