,time,event0,event1,event2,event3,event4,event5
0,0.0,desktop,12,0.0,7.0,1.0,7.0
1,7.0,tablet,12,1.0,1.0,1.0,1.0
2,8.0,tablet,12,2.0,1.0,5.0,1.0
3,9.0,tablet,12,7.0,5.0,2.0,5.0
4,14.0,tablet,12,9.0,2.0,3.0,2.0
5,16.0,tablet,12,12.0,73.0,71.0,3.0
6,89.0,tablet,12,83.0,1.0,1.0,1.0
7,90.0,tablet,12,84.0,1.0,2.0,1.0
8,91.0,tablet,12,86.0,2.0,2.0,2.0
9,93.0,desktop,12,88.0,2.0,2.0,2.0
10,95.0,desktop,12,90.0,2.0,1.0,2.0
