,time,event0,event1,event2,event3,event4,event5
0,0.0,mobile,11,0.0,1.0,3.0,1.0
1,1.0,mobile,11,3.0,3.0,1.0,3.0
2,4.0,mobile,11,4.0,1.0,2.0,1.0
3,5.0,mobile,11,6.0,2.0,5.0,2.0
4,7.0,mobile,11,11.0,18.0,14.0,5.0
5,25.0,mobile,11,25.0,1.0,1.0,1.0
6,26.0,mobile,11,26.0,1.0,1.0,1.0
7,27.0,mobile,11,27.0,1.0,2.0,1.0
8,28.0,mobile,11,29.0,2.0,1.0,2.0
9,30.0,mobile,11,30.0,1.0,2.0,1.0
