,time,event0,event1,event2,event3,event4,event5
0,0.0,desktop,13,0.0,4.0,2.0,4.0
1,4.0,tablet,13,2.0,2.0,1.0,2.0
2,6.0,desktop,13,3.0,1.0,1.0,1.0
3,7.0,desktop,13,4.0,8.0,8.0,1.0
4,15.0,tablet,13,12.0,1.0,1.0,1.0
5,16.0,tablet,13,13.0,1.0,1.0,1.0
6,17.0,tablet,13,14.0,1.0,2.0,1.0
7,18.0,tablet,13,16.0,16.0,15.0,2.0
8,34.0,tablet,13,31.0,1.0,1.0,1.0
9,35.0,desktop,13,32.0,1.0,1.0,1.0
10,36.0,desktop,13,33.0,1.0,1.0,1.0
11,37.0,desktop,13,34.0,1.0,2.0,1.0
