,time,event0,event1,event2,event3,event4,event5
0,0.0,mobile,13,0.0,1.0,2.0,1.0
1,1.0,desktop,13,2.0,2.0,3.0,2.0
2,3.0,desktop,13,5.0,3.0,3.0,3.0
3,6.0,desktop,13,8.0,3.0,1.0,3.0
4,9.0,desktop,13,9.0,47.0,47.0,1.0
5,56.0,desktop,13,56.0,1.0,2.0,1.0
6,57.0,desktop,13,58.0,2.0,2.0,2.0
7,59.0,desktop,13,60.0,2.0,2.0,2.0
8,61.0,desktop,13,62.0,38.0,37.0,2.0
9,99.0,mobile,13,99.0,1.0,1.0,1.0
10,100.0,mobile,13,100.0,1.0,1.0,1.0
11,101.0,mobile,13,101.0,1.0,1.0,1.0
