,time,event0,event1,event2,event3,event4,event5
0,0.0,desktop,12,0.0,1.0,2.0,1.0
1,1.0,desktop,12,2.0,2.0,2.0,2.0
2,3.0,desktop,12,4.0,2.0,1.0,2.0
3,5.0,desktop,12,5.0,1.0,1.0,1.0
4,6.0,desktop,12,6.0,89.0,92.0,1.0
5,95.0,desktop,12,98.0,4.0,2.0,4.0
6,99.0,desktop,12,100.0,2.0,2.0,2.0
7,101.0,desktop,12,102.0,2.0,2.0,2.0
8,103.0,desktop,12,104.0,2.0,3.0,2.0
9,105.0,desktop,12,107.0,3.0,2.0,3.0
10,108.0,desktop,12,109.0,2.0,1.0,2.0
