,time,event0,event1,event2,event3,event4,event5
0,0.0,desktop,11,0.0,1.0,3.0,1.0
1,1.0,desktop,11,3.0,3.0,2.0,3.0
2,4.0,desktop,11,5.0,2.0,1.0,2.0
3,6.0,desktop,11,6.0,1.0,5.0,1.0
4,7.0,desktop,11,11.0,5.0,3.0,5.0
5,12.0,desktop,11,14.0,3.0,1.0,3.0
6,15.0,desktop,11,15.0,6.0,7.0,1.0
7,21.0,desktop,11,22.0,2.0,1.0,2.0
8,23.0,desktop,11,23.0,1.0,2.0,1.0
9,24.0,desktop,11,25.0,2.0,2.0,2.0
