,time,event0,event1,event2,event3,event4,event5
0,0.0,desktop,11,0.0,2.0,3.0,2.0
1,2.0,desktop,11,3.0,3.0,3.0,3.0
2,5.0,desktop,11,6.0,3.0,1.0,3.0
3,8.0,desktop,11,7.0,1.0,1.0,1.0
4,9.0,desktop,11,8.0,1.0,3.0,1.0
5,10.0,desktop,11,11.0,3.0,1.0,3.0
6,13.0,desktop,11,12.0,40.0,44.0,1.0
7,53.0,desktop,11,56.0,5.0,3.0,5.0
8,58.0,desktop,11,59.0,3.0,6.0,3.0
9,61.0,desktop,11,65.0,6.0,3.0,6.0
