,time,event0,event1,event2,event3,event4,event5
0,0.0,desktop,14,0.0,3.0,2.0,3.0
1,3.0,desktop,14,2.0,2.0,4.0,2.0
2,5.0,desktop,14,6.0,4.0,1.0,4.0
3,9.0,desktop,14,7.0,1.0,1.0,1.0
4,10.0,desktop,14,8.0,1.0,1.0,1.0
5,11.0,desktop,14,9.0,1.0,2.0,1.0
6,12.0,desktop,14,11.0,262.0,261.0,2.0
7,274.0,desktop,14,272.0,1.0,1.0,1.0
8,275.0,desktop,14,273.0,1.0,3.0,1.0
9,276.0,desktop,14,276.0,3.0,1.0,3.0
10,279.0,desktop,14,277.0,1.0,2.0,1.0
11,280.0,desktop,14,279.0,2.0,3.0,2.0
12,282.0,desktop,14,282.0,3.0,1.0,3.0
