,time,event0,event1,event2,event3,event4,event5
0,0.0,desktop,12,0.0,1.0,2.0,1.0
1,1.0,desktop,12,2.0,2.0,4.0,2.0
2,3.0,desktop,12,6.0,4.0,2.0,4.0
3,7.0,desktop,12,8.0,2.0,1.0,2.0
4,9.0,desktop,12,9.0,1.0,2.0,1.0
5,10.0,desktop,12,11.0,2.0,3.0,2.0
6,12.0,desktop,12,14.0,4.0,5.0,3.0
7,16.0,desktop,12,19.0,4.0,1.0,4.0
8,20.0,desktop,12,20.0,1.0,1.0,1.0
9,21.0,desktop,12,21.0,1.0,1.0,1.0
10,22.0,desktop,12,22.0,1.0,5.0,1.0
