,time,event0,event1,event2,event3,event4,event5
0,0.0,desktop,12,0.0,3.0,1.0,3.0
1,3.0,mobile,12,1.0,1.0,1.0,1.0
2,4.0,desktop,12,2.0,1.0,1.0,1.0
3,5.0,desktop,12,3.0,1.0,1.0,1.0
4,6.0,desktop,12,4.0,1.0,4.0,1.0
5,7.0,mobile,12,8.0,4.0,2.0,4.0
6,11.0,mobile,12,10.0,177.0,176.0,2.0
7,188.0,mobile,12,186.0,1.0,2.0,1.0
8,189.0,mobile,12,188.0,2.0,1.0,2.0
9,191.0,mobile,12,189.0,1.0,2.0,1.0
10,192.0,mobile,12,191.0,2.0,4.0,2.0
