,time,event0,event1,event2,event3,event4,event5
0,0.0,desktop,12,0.0,1.0,7.0,1.0
1,1.0,desktop,12,7.0,7.0,5.0,7.0
2,8.0,desktop,12,12.0,5.0,1.0,5.0
3,13.0,mobile,12,13.0,164.0,164.0,1.0
4,177.0,desktop,12,177.0,1.0,1.0,1.0
5,178.0,desktop,12,178.0,1.0,4.0,1.0
6,179.0,desktop,12,182.0,4.0,1.0,4.0
7,183.0,desktop,12,183.0,1.0,1.0,1.0
8,184.0,desktop,12,184.0,1.0,1.0,1.0
9,185.0,desktop,12,185.0,1.0,2.0,1.0
10,186.0,desktop,12,187.0,2.0,1.0,2.0
