,time,event0,event1,event2,event3,event4,event5
0,0.0,mobile,12,0.0,6.0,7.0,6.0
1,6.0,mobile,12,7.0,7.0,5.0,7.0
2,13.0,mobile,12,12.0,5.0,5.0,5.0
3,18.0,mobile,12,17.0,5.0,2.0,5.0
4,23.0,mobile,12,19.0,2.0,2.0,2.0
5,25.0,mobile,12,21.0,2.0,2.0,2.0
6,27.0,mobile,12,23.0,2.0,1.0,2.0
7,29.0,mobile,12,24.0,1.0,2.0,1.0
8,30.0,mobile,12,26.0,2.0,2.0,2.0
9,32.0,mobile,12,28.0,2.0,2.0,2.0
10,34.0,mobile,12,30.0,2.0,1.0,2.0
