,time,event0,event1,event2,event3,event4,event5
0,0.0,desktop,12,0.0,2.0,3.0,2.0
1,2.0,desktop,12,3.0,3.0,3.0,3.0
2,5.0,desktop,12,6.0,3.0,1.0,3.0
3,8.0,desktop,12,7.0,5.0,5.0,1.0
4,13.0,desktop,12,12.0,1.0,1.0,1.0
5,14.0,desktop,12,13.0,1.0,1.0,1.0
6,15.0,desktop,12,14.0,1.0,1.0,1.0
7,16.0,desktop,12,15.0,117.0,117.0,1.0
8,133.0,desktop,12,132.0,1.0,1.0,1.0
9,134.0,desktop,12,133.0,1.0,2.0,1.0
10,135.0,desktop,12,135.0,2.0,3.0,2.0
