,time,event0,event1,event2,event3,event4,event5
0,0.0,desktop,12,0.0,5.0,3.0,5.0
1,5.0,desktop,12,3.0,3.0,1.0,3.0
2,8.0,desktop,12,4.0,1.0,1.0,1.0
3,9.0,desktop,12,5.0,1.0,1.0,1.0
4,10.0,desktop,12,6.0,4.0,5.0,1.0
5,14.0,desktop,12,11.0,2.0,1.0,2.0
6,16.0,desktop,12,12.0,1.0,1.0,1.0
7,17.0,desktop,12,13.0,1.0,1.0,1.0
8,18.0,desktop,12,14.0,1.0,1.0,1.0
9,19.0,desktop,12,15.0,1.0,1.0,1.0
10,20.0,desktop,12,16.0,1.0,2.0,1.0
