,time,event0,event1,event2,event3,event4,event5
0,0.0,desktop,11,0.0,3.0,2.0,3.0
1,3.0,mobile,11,2.0,2.0,3.0,2.0
2,5.0,mobile,11,5.0,3.0,2.0,3.0
3,8.0,desktop,11,7.0,2.0,2.0,2.0
4,10.0,desktop,11,9.0,2.0,4.0,2.0
5,12.0,desktop,11,13.0,141.0,140.0,4.0
6,153.0,desktop,11,153.0,3.0,1.0,3.0
7,156.0,desktop,11,154.0,1.0,1.0,1.0
8,157.0,desktop,11,155.0,1.0,2.0,1.0
9,158.0,tablet,11,157.0,2.0,1.0,2.0
