,time,event0,event1,event2,event3,event4,event5
0,0.0,desktop,11,0.0,1.0,1.0,1.0
1,1.0,desktop,11,1.0,1.0,1.0,1.0
2,2.0,desktop,11,2.0,3.0,5.0,1.0
3,5.0,desktop,11,7.0,4.0,3.0,3.0
4,9.0,desktop,11,10.0,2.0,1.0,2.0
5,11.0,desktop,11,11.0,1.0,1.0,1.0
6,12.0,desktop,11,12.0,147.0,147.0,1.0
7,159.0,desktop,11,159.0,1.0,1.0,1.0
8,160.0,mobile,11,160.0,1.0,1.0,1.0
9,161.0,desktop,11,161.0,1.0,2.0,1.0
