,time,event0,event1,event2,event3,event4,event5
0,0.0,mobile,12,0.0,3.0,3.0,3.0
1,3.0,mobile,12,3.0,3.0,2.0,3.0
2,6.0,desktop,12,5.0,2.0,3.0,2.0
3,8.0,tablet,12,8.0,3.0,3.0,3.0
4,11.0,desktop,12,11.0,3.0,4.0,3.0
5,14.0,mobile,12,15.0,62.0,59.0,4.0
6,76.0,mobile,12,74.0,1.0,3.0,1.0
7,77.0,mobile,12,77.0,3.0,2.0,3.0
8,80.0,mobile,12,79.0,2.0,3.0,2.0
9,82.0,mobile,12,82.0,6.0,4.0,3.0
10,88.0,mobile,12,86.0,1.0,2.0,1.0
