,time,event0,event1,event2,event3,event4,event5
0,0.0,desktop,13,0.0,1.0,1.0,1.0
1,1.0,desktop,13,1.0,1.0,1.0,1.0
2,2.0,desktop,13,2.0,1.0,1.0,1.0
3,3.0,desktop,13,3.0,112.0,112.0,1.0
4,115.0,desktop,13,115.0,1.0,1.0,1.0
5,116.0,desktop,13,116.0,1.0,1.0,1.0
6,117.0,desktop,13,117.0,1.0,1.0,1.0
7,118.0,desktop,13,118.0,1.0,2.0,1.0
8,119.0,desktop,13,120.0,6.0,5.0,2.0
9,125.0,desktop,13,125.0,1.0,1.0,1.0
10,126.0,desktop,13,126.0,2.0,3.0,1.0
11,128.0,desktop,13,129.0,2.0,2.0,2.0
