,time,event0,event1,event2,event3,event4,event5
0,0.0,mobile,13,0.0,4.0,3.0,4.0
1,4.0,mobile,13,3.0,3.0,7.0,3.0
2,7.0,mobile,13,10.0,7.0,4.0,7.0
3,14.0,mobile,13,14.0,4.0,4.0,4.0
4,18.0,mobile,13,18.0,26.0,25.0,4.0
5,44.0,mobile,13,43.0,3.0,3.0,3.0
6,47.0,mobile,13,46.0,3.0,4.0,3.0
7,50.0,mobile,13,50.0,4.0,4.0,4.0
8,54.0,mobile,13,54.0,4.0,5.0,4.0
9,58.0,mobile,13,59.0,5.0,3.0,5.0
10,63.0,mobile,13,62.0,3.0,4.0,3.0
11,66.0,mobile,13,66.0,4.0,4.0,4.0
