,time,event0,event1,event2,event3,event4,event5
0,0.0,desktop,13,0.0,2.0,6.0,2.0
1,2.0,desktop,13,6.0,6.0,2.0,6.0
2,8.0,desktop,13,8.0,2.0,2.0,2.0
3,10.0,desktop,13,10.0,2.0,1.0,2.0
4,12.0,desktop,13,11.0,88.0,91.0,1.0
5,100.0,desktop,13,102.0,4.0,1.0,4.0
6,104.0,desktop,13,103.0,1.0,1.0,1.0
7,105.0,desktop,13,104.0,1.0,3.0,1.0
8,106.0,desktop,13,107.0,3.0,1.0,3.0
9,109.0,desktop,13,108.0,1.0,1.0,1.0
10,110.0,desktop,13,109.0,1.0,1.0,1.0
11,111.0,desktop,13,110.0,1.0,2.0,1.0
