,time,event0,event1,event2,event3,event4,event5
0,0.0,mobile,13,0.0,2.0,1.0,2.0
1,2.0,mobile,13,1.0,1.0,5.0,1.0
2,3.0,mobile,13,6.0,5.0,1.0,5.0
3,8.0,mobile,13,7.0,101.0,104.0,1.0
4,109.0,desktop,13,111.0,4.0,1.0,4.0
5,113.0,desktop,13,112.0,1.0,2.0,1.0
6,114.0,desktop,13,114.0,2.0,1.0,2.0
7,116.0,desktop,13,115.0,1.0,2.0,1.0
8,117.0,desktop,13,117.0,56.0,55.0,2.0
9,173.0,desktop,13,172.0,1.0,1.0,1.0
10,174.0,desktop,13,173.0,1.0,2.0,1.0
11,175.0,desktop,13,175.0,2.0,2.0,2.0
