,time,event0,event1,event2,event3,event4,event5
0,0.0,desktop,13,0.0,1.0,1.0,1.0
1,1.0,desktop,13,1.0,1.0,1.0,1.0
2,2.0,desktop,13,2.0,1.0,2.0,1.0
3,3.0,desktop,13,4.0,2.0,4.0,2.0
4,5.0,desktop,13,8.0,4.0,3.0,4.0
5,9.0,desktop,13,11.0,7.0,5.0,3.0
6,16.0,desktop,13,16.0,1.0,2.0,1.0
7,17.0,mobile,13,18.0,2.0,1.0,2.0
8,19.0,desktop,13,19.0,1.0,1.0,1.0
9,20.0,desktop,13,20.0,1.0,3.0,1.0
10,21.0,desktop,13,23.0,3.0,2.0,3.0
11,24.0,desktop,13,25.0,2.0,2.0,2.0
