,time,event0,event1,event2,event3,event4,event5
0,0.0,desktop,11,0.0,3.0,3.0,3.0
1,3.0,desktop,11,3.0,3.0,4.0,3.0
2,6.0,desktop,11,7.0,4.0,4.0,4.0
3,10.0,desktop,11,11.0,4.0,2.0,4.0
4,14.0,desktop,11,13.0,2.0,1.0,2.0
5,16.0,desktop,11,14.0,144.0,144.0,1.0
6,160.0,desktop,11,158.0,1.0,1.0,1.0
7,161.0,desktop,11,159.0,1.0,1.0,1.0
8,162.0,desktop,11,160.0,1.0,1.0,1.0
9,163.0,desktop,11,161.0,1.0,2.0,1.0
