,time,event0,event1,event2,event3,event4,event5
0,0.0,desktop,11,0.0,2.0,3.0,2.0
1,2.0,desktop,11,3.0,3.0,1.0,3.0
2,5.0,desktop,11,4.0,1.0,2.0,1.0
3,6.0,desktop,11,6.0,2.0,2.0,2.0
4,8.0,desktop,11,8.0,18.0,18.0,2.0
5,26.0,desktop,11,26.0,2.0,1.0,2.0
6,28.0,desktop,11,27.0,1.0,2.0,1.0
7,29.0,desktop,11,29.0,2.0,4.0,2.0
8,31.0,desktop,11,33.0,4.0,1.0,4.0
9,35.0,desktop,11,34.0,1.0,2.0,1.0
