,time,event0,event1,event2,event3,event4,event5
0,0.0,desktop,13,0.0,2.0,7.0,2.0
1,2.0,desktop,13,7.0,7.0,5.0,7.0
2,9.0,desktop,13,12.0,5.0,2.0,5.0
3,14.0,desktop,13,14.0,155.0,154.0,2.0
4,169.0,desktop,13,168.0,1.0,2.0,1.0
5,170.0,desktop,13,170.0,2.0,1.0,2.0
6,172.0,desktop,13,171.0,1.0,1.0,1.0
7,173.0,desktop,13,172.0,1.0,1.0,1.0
8,174.0,desktop,13,173.0,1.0,2.0,1.0
9,175.0,desktop,13,175.0,2.0,1.0,2.0
10,177.0,desktop,13,176.0,1.0,1.0,1.0
11,178.0,desktop,13,177.0,1.0,1.0,1.0
