,time,event0,event1,event2,event3,event4,event5
0,0.0,desktop,13,0.0,2.0,2.0,2.0
1,2.0,desktop,13,2.0,2.0,2.0,2.0
2,4.0,desktop,13,4.0,2.0,5.0,2.0
3,6.0,desktop,13,9.0,124.0,122.0,5.0
4,130.0,desktop,13,131.0,3.0,2.0,3.0
5,133.0,desktop,13,133.0,2.0,2.0,2.0
6,135.0,desktop,13,135.0,2.0,1.0,2.0
7,137.0,desktop,13,136.0,1.0,1.0,1.0
8,138.0,desktop,13,137.0,1.0,1.0,1.0
9,139.0,desktop,13,138.0,1.0,1.0,1.0
10,140.0,desktop,13,139.0,1.0,4.0,1.0
11,141.0,desktop,13,143.0,4.0,4.0,4.0
