,time,event0,event1,event2,event3,event4,event5
0,0.0,mobile,13,0.0,1.0,1.0,1.0
1,1.0,mobile,13,1.0,1.0,2.0,1.0
2,2.0,mobile,13,3.0,2.0,2.0,2.0
3,4.0,mobile,13,5.0,2.0,4.0,2.0
4,6.0,mobile,13,9.0,4.0,2.0,4.0
5,10.0,mobile,13,11.0,2.0,2.0,2.0
6,12.0,mobile,13,13.0,6.0,6.0,2.0
7,18.0,mobile,13,19.0,2.0,2.0,2.0
8,20.0,mobile,13,21.0,2.0,4.0,2.0
9,22.0,mobile,13,25.0,4.0,1.0,4.0
10,26.0,mobile,13,26.0,4.0,5.0,1.0
11,30.0,mobile,13,31.0,2.0,1.0,2.0
