,time,event0,event1,event2,event3,event4,event5
0,0.0,desktop,11,0.0,2.0,3.0,2.0
1,2.0,desktop,11,3.0,3.0,2.0,3.0
2,5.0,desktop,11,5.0,2.0,1.0,2.0
3,7.0,desktop,11,6.0,1.0,2.0,1.0
4,8.0,desktop,11,8.0,10.0,11.0,2.0
5,18.0,desktop,11,19.0,3.0,3.0,3.0
6,21.0,desktop,11,22.0,13.0,11.0,3.0
7,34.0,desktop,11,33.0,1.0,1.0,1.0
8,35.0,desktop,11,34.0,1.0,1.0,1.0
9,36.0,desktop,11,35.0,1.0,1.0,1.0
