,time,event0,event1,event2,event3,event4,event5
0,0.0,desktop,13,0.0,4.0,2.0,4.0
1,4.0,desktop,13,2.0,2.0,3.0,2.0
2,6.0,desktop,13,5.0,3.0,1.0,3.0
3,9.0,desktop,13,6.0,142.0,144.0,1.0
4,151.0,desktop,13,150.0,3.0,4.0,3.0
5,154.0,desktop,13,154.0,4.0,4.0,4.0
6,158.0,desktop,13,158.0,4.0,2.0,4.0
7,162.0,desktop,13,160.0,2.0,5.0,2.0
8,164.0,desktop,13,165.0,88.0,87.0,5.0
9,252.0,mobile,13,252.0,4.0,6.0,4.0
10,256.0,mobile,13,258.0,6.0,4.0,6.0
11,262.0,desktop,13,262.0,4.0,3.0,4.0
