,time,event0,event1,event2,event3,event4,event5
0,0.0,desktop,13,0.0,14.0,6.0,14.0
1,14.0,desktop,13,6.0,6.0,7.0,6.0
2,20.0,desktop,13,13.0,7.0,13.0,7.0
3,27.0,desktop,13,26.0,13.0,7.0,13.0
4,40.0,desktop,13,33.0,52.0,52.0,7.0
5,92.0,desktop,13,85.0,7.0,7.0,7.0
6,99.0,desktop,13,92.0,7.0,7.0,7.0
7,106.0,desktop,13,99.0,7.0,12.0,7.0
8,113.0,desktop,13,111.0,12.0,9.0,12.0
9,125.0,desktop,13,120.0,9.0,7.0,9.0
10,134.0,desktop,13,127.0,7.0,7.0,7.0
11,141.0,desktop,13,134.0,7.0,7.0,7.0
