,time,event0,event1,event2,event3,event4,event5
0,0.0,desktop,13,0.0,1.0,1.0,1.0
1,1.0,desktop,13,1.0,1.0,1.0,1.0
2,2.0,desktop,13,2.0,1.0,10.0,1.0
3,3.0,desktop,13,12.0,10.0,1.0,10.0
4,13.0,desktop,13,13.0,128.0,132.0,1.0
5,141.0,desktop,13,145.0,5.0,1.0,5.0
6,146.0,desktop,13,146.0,1.0,7.0,1.0
7,147.0,desktop,13,153.0,7.0,1.0,7.0
8,154.0,desktop,13,154.0,78.0,79.0,1.0
9,232.0,desktop,13,233.0,2.0,10.0,2.0
10,234.0,desktop,13,243.0,10.0,2.0,10.0
11,244.0,desktop,13,245.0,2.0,9.0,2.0
