,time,event0,event1,event2,event3,event4,event5
0,0.0,mobile,12,0.0,3.0,3.0,3.0
1,3.0,mobile,12,3.0,3.0,3.0,3.0
2,6.0,mobile,12,6.0,3.0,4.0,3.0
3,9.0,mobile,12,10.0,259.0,257.0,4.0
4,268.0,mobile,12,267.0,2.0,2.0,2.0
5,270.0,mobile,12,269.0,2.0,1.0,2.0
6,272.0,mobile,12,270.0,1.0,1.0,1.0
7,273.0,mobile,12,271.0,1.0,2.0,1.0
8,274.0,mobile,12,273.0,2.0,1.0,2.0
9,276.0,mobile,12,274.0,1.0,2.0,1.0
10,277.0,mobile,12,276.0,2.0,1.0,2.0
