,time,event0,event1,event2,event3,event4,event5
0,0.0,desktop,11,0.0,2.0,1.0,2.0
1,2.0,desktop,11,1.0,1.0,1.0,1.0
2,3.0,desktop,11,2.0,1.0,4.0,1.0
3,4.0,desktop,11,6.0,4.0,1.0,4.0
4,8.0,desktop,11,7.0,1.0,1.0,1.0
5,9.0,desktop,11,8.0,4.0,6.0,1.0
6,13.0,desktop,11,14.0,3.0,3.0,3.0
7,16.0,desktop,11,17.0,3.0,2.0,3.0
8,19.0,desktop,11,19.0,2.0,1.0,2.0
9,21.0,desktop,11,20.0,1.0,1.0,1.0
