,time,event0,event1,event2,event3,event4,event5
0,0.0,desktop,11,0.0,3.0,2.0,3.0
1,3.0,desktop,11,2.0,2.0,2.0,2.0
2,5.0,desktop,11,4.0,2.0,1.0,2.0
3,7.0,desktop,11,5.0,1.0,1.0,1.0
4,8.0,desktop,11,6.0,217.0,218.0,1.0
5,225.0,desktop,11,224.0,2.0,2.0,2.0
6,227.0,desktop,11,226.0,2.0,2.0,2.0
7,229.0,desktop,11,228.0,2.0,3.0,2.0
8,231.0,desktop,11,231.0,3.0,5.0,3.0
9,234.0,desktop,11,236.0,5.0,1.0,5.0
