,time,event0,event1,event2,event3,event4,event5
0,0.0,desktop,13,0.0,4.0,2.0,4.0
1,4.0,desktop,13,2.0,2.0,2.0,2.0
2,6.0,desktop,13,4.0,2.0,3.0,2.0
3,8.0,desktop,13,7.0,154.0,152.0,3.0
4,162.0,desktop,13,159.0,1.0,2.0,1.0
5,163.0,desktop,13,161.0,2.0,1.0,2.0
6,165.0,desktop,13,162.0,1.0,1.0,1.0
7,166.0,desktop,13,163.0,41.0,41.0,1.0
8,207.0,mobile,13,204.0,1.0,1.0,1.0
9,208.0,mobile,13,205.0,1.0,1.0,1.0
10,209.0,mobile,13,206.0,1.0,1.0,1.0
11,210.0,mobile,13,207.0,1.0,1.0,1.0
