,time,event0,event1,event2,event3,event4,event5
0,0.0,mobile,14,0.0,1.0,3.0,1.0
1,1.0,mobile,14,3.0,3.0,1.0,3.0
2,4.0,mobile,14,4.0,1.0,1.0,1.0
3,5.0,mobile,14,5.0,1.0,1.0,1.0
4,6.0,mobile,14,6.0,1.0,1.0,1.0
5,7.0,mobile,14,7.0,50.0,54.0,1.0
6,57.0,mobile,14,61.0,5.0,1.0,5.0
7,62.0,mobile,14,62.0,1.0,1.0,1.0
8,63.0,mobile,14,63.0,1.0,7.0,1.0
9,64.0,mobile,14,70.0,7.0,1.0,7.0
10,71.0,mobile,14,71.0,1.0,4.0,1.0
11,72.0,mobile,14,75.0,4.0,1.0,4.0
12,76.0,mobile,14,76.0,1.0,1.0,1.0
