,time,event0,event1,event2,event3,event4,event5
0,0.0,desktop,12,0.0,1.0,5.0,1.0
1,1.0,desktop,12,5.0,5.0,1.0,5.0
2,6.0,desktop,12,6.0,1.0,4.0,1.0
3,7.0,desktop,12,10.0,4.0,4.0,4.0
4,11.0,desktop,12,14.0,57.0,55.0,4.0
5,68.0,desktop,12,69.0,2.0,3.0,2.0
6,70.0,desktop,12,72.0,3.0,2.0,3.0
7,73.0,desktop,12,74.0,2.0,1.0,2.0
8,75.0,desktop,12,75.0,1.0,2.0,1.0
9,76.0,desktop,12,77.0,2.0,2.0,2.0
10,78.0,desktop,12,79.0,2.0,2.0,2.0
