,time,event0,event1,event2,event3,event4,event5
0,0.0,mobile,11,0.0,4.0,3.0,4.0
1,4.0,mobile,11,3.0,3.0,2.0,3.0
2,7.0,mobile,11,5.0,2.0,1.0,2.0
3,9.0,mobile,11,6.0,11.0,11.0,1.0
4,20.0,mobile,11,17.0,1.0,1.0,1.0
5,21.0,mobile,11,18.0,1.0,4.0,1.0
6,22.0,mobile,11,22.0,4.0,7.0,4.0
7,26.0,mobile,11,29.0,7.0,1.0,7.0
8,33.0,mobile,11,30.0,1.0,5.0,1.0
9,34.0,mobile,11,35.0,5.0,1.0,5.0
