,time,event0,event1,event2,event3,event4,event5
0,0.0,desktop,13,0.0,8.0,5.0,4.0
1,8.0,desktop,13,5.0,1.0,3.0,1.0
2,9.0,desktop,13,8.0,3.0,1.0,3.0
3,12.0,desktop,13,9.0,1.0,1.0,1.0
4,13.0,desktop,13,10.0,18.0,18.0,1.0
5,31.0,desktop,13,28.0,1.0,2.0,1.0
6,32.0,desktop,13,30.0,10.0,12.0,2.0
7,42.0,desktop,13,42.0,4.0,1.0,4.0
8,46.0,desktop,13,43.0,33.0,35.0,1.0
9,79.0,desktop,13,78.0,3.0,6.0,3.0
10,82.0,desktop,13,84.0,6.0,4.0,6.0
11,88.0,desktop,13,88.0,4.0,1.0,4.0
