,time,event0,event1,event2,event3,event4,event5
0,0.0,tablet,14,0.0,2.0,3.0,2.0
1,2.0,tablet,14,3.0,3.0,1.0,3.0
2,5.0,desktop,14,4.0,1.0,2.0,1.0
3,6.0,desktop,14,6.0,2.0,1.0,2.0
4,8.0,tablet,14,7.0,78.0,78.0,1.0
5,86.0,desktop,14,85.0,1.0,2.0,1.0
6,87.0,desktop,14,87.0,2.0,1.0,2.0
7,89.0,desktop,14,88.0,1.0,4.0,1.0
8,90.0,desktop,14,92.0,4.0,3.0,4.0
9,94.0,desktop,14,95.0,3.0,1.0,3.0
10,97.0,desktop,14,96.0,1.0,1.0,1.0
11,98.0,desktop,14,97.0,1.0,1.0,1.0
12,99.0,desktop,14,98.0,1.0,1.0,1.0
