,time,event0,event1,event2,event3,event4,event5
0,0.0,desktop,11,0.0,1.0,5.0,1.0
1,1.0,desktop,11,5.0,5.0,6.0,5.0
2,6.0,desktop,11,11.0,6.0,2.0,6.0
3,12.0,desktop,11,13.0,171.0,170.0,2.0
4,183.0,desktop,11,183.0,1.0,1.0,1.0
5,184.0,desktop,11,184.0,1.0,2.0,1.0
6,185.0,desktop,11,186.0,2.0,3.0,2.0
7,187.0,desktop,11,189.0,3.0,3.0,3.0
8,190.0,desktop,11,192.0,3.0,2.0,3.0
9,193.0,desktop,11,194.0,2.0,1.0,2.0
