,time,event0,event1,event2,event3,event4,event5
0,0.0,desktop,13,0.0,6.0,2.0,6.0
1,6.0,desktop,13,2.0,2.0,3.0,2.0
2,8.0,desktop,13,5.0,3.0,2.0,3.0
3,11.0,desktop,13,7.0,2.0,4.0,2.0
4,13.0,desktop,13,11.0,92.0,90.0,4.0
5,105.0,desktop,13,101.0,2.0,3.0,2.0
6,107.0,desktop,13,104.0,3.0,2.0,3.0
7,110.0,desktop,13,106.0,2.0,2.0,2.0
8,112.0,desktop,13,108.0,87.0,86.0,2.0
9,199.0,desktop,13,194.0,1.0,3.0,1.0
10,200.0,desktop,13,197.0,3.0,1.0,3.0
11,203.0,desktop,13,198.0,10.0,12.0,1.0
