,time,event0,event1,event2,event3,event4,event5
0,0.0,desktop,12,0.0,3.0,3.0,3.0
1,3.0,desktop,12,3.0,3.0,2.0,3.0
2,6.0,desktop,12,5.0,2.0,4.0,2.0
3,8.0,desktop,12,9.0,4.0,2.0,4.0
4,12.0,desktop,12,11.0,80.0,79.0,2.0
5,92.0,desktop,12,90.0,1.0,2.0,1.0
6,93.0,desktop,12,92.0,2.0,1.0,2.0
7,95.0,desktop,12,93.0,1.0,1.0,1.0
8,96.0,desktop,12,94.0,1.0,2.0,1.0
9,97.0,desktop,12,96.0,2.0,1.0,2.0
10,99.0,desktop,12,97.0,1.0,1.0,1.0
