,time,event0,event1,event2,event3,event4,event5
0,0.0,desktop,12,0.0,3.0,1.0,3.0
1,3.0,desktop,12,1.0,1.0,2.0,1.0
2,4.0,desktop,12,3.0,2.0,1.0,2.0
3,6.0,mobile,12,4.0,1.0,1.0,1.0
4,7.0,desktop,12,5.0,1.0,2.0,1.0
5,8.0,desktop,12,7.0,241.0,240.0,2.0
6,249.0,desktop,12,247.0,1.0,2.0,1.0
7,250.0,desktop,12,249.0,2.0,1.0,2.0
8,252.0,desktop,12,250.0,1.0,4.0,1.0
9,253.0,desktop,12,254.0,4.0,2.0,4.0
10,257.0,desktop,12,256.0,2.0,2.0,2.0
