,time,event0,event1,event2,event3,event4,event5
0,0.0,desktop,11,0.0,4.0,3.0,4.0
1,4.0,desktop,11,3.0,3.0,2.0,3.0
2,7.0,desktop,11,5.0,2.0,1.0,2.0
3,9.0,desktop,11,6.0,1.0,2.0,1.0
4,10.0,desktop,11,8.0,2.0,2.0,2.0
5,12.0,desktop,11,10.0,2.0,3.0,2.0
6,14.0,desktop,11,13.0,179.0,182.0,3.0
7,193.0,desktop,11,195.0,6.0,4.0,6.0
8,199.0,desktop,11,199.0,4.0,3.0,4.0
9,203.0,desktop,11,202.0,3.0,1.0,3.0
