,time,event0,event1,event2,event3,event4,event5
0,0.0,desktop,11,0.0,4.0,1.0,4.0
1,4.0,desktop,11,1.0,1.0,3.0,1.0
2,5.0,desktop,11,4.0,3.0,1.0,3.0
3,8.0,desktop,11,5.0,1.0,2.0,1.0
4,9.0,desktop,11,7.0,169.0,170.0,2.0
5,178.0,desktop,11,177.0,3.0,2.0,3.0
6,181.0,desktop,11,179.0,2.0,2.0,2.0
7,183.0,desktop,11,181.0,2.0,2.0,2.0
8,185.0,desktop,11,183.0,2.0,2.0,2.0
9,187.0,desktop,11,185.0,2.0,1.0,2.0
