,time,event0,event1,event2,event3,event4,event5
0,0.0,mobile,13,0.0,3.0,4.0,3.0
1,3.0,mobile,13,4.0,4.0,2.0,4.0
2,7.0,mobile,13,6.0,2.0,2.0,2.0
3,9.0,mobile,13,8.0,2.0,2.0,2.0
4,11.0,mobile,13,10.0,2.0,1.0,2.0
5,13.0,mobile,13,11.0,4.0,5.0,1.0
6,17.0,mobile,13,16.0,2.0,3.0,2.0
7,19.0,mobile,13,19.0,3.0,4.0,3.0
8,22.0,mobile,13,23.0,4.0,3.0,4.0
9,26.0,mobile,13,26.0,3.0,3.0,3.0
10,29.0,mobile,13,29.0,3.0,3.0,3.0
11,32.0,mobile,13,32.0,3.0,5.0,3.0
