,time,event0,event1,event2,event3,event4,event5
0,0.0,desktop,13,0.0,2.0,2.0,2.0
1,2.0,desktop,13,2.0,2.0,1.0,2.0
2,4.0,desktop,13,3.0,1.0,2.0,1.0
3,5.0,desktop,13,5.0,2.0,1.0,2.0
4,7.0,desktop,13,6.0,97.0,98.0,1.0
5,104.0,desktop,13,104.0,2.0,3.0,2.0
6,106.0,desktop,13,107.0,3.0,3.0,3.0
7,109.0,desktop,13,110.0,3.0,1.0,3.0
8,112.0,desktop,13,111.0,1.0,4.0,1.0
9,113.0,desktop,13,115.0,4.0,4.0,4.0
10,117.0,desktop,13,119.0,4.0,4.0,4.0
11,121.0,desktop,13,123.0,4.0,1.0,4.0
