,time,event0,event1,event2,event3,event4,event5
0,0.0,desktop,12,0.0,1.0,5.0,1.0
1,1.0,mobile,12,5.0,5.0,7.0,5.0
2,6.0,desktop,12,12.0,7.0,8.0,7.0
3,13.0,desktop,12,20.0,8.0,4.0,8.0
4,21.0,mobile,12,24.0,4.0,15.0,4.0
5,25.0,desktop,12,39.0,15.0,7.0,15.0
6,40.0,desktop,12,46.0,7.0,2.0,7.0
7,47.0,desktop,12,48.0,2.0,1.0,2.0
8,49.0,desktop,12,49.0,1.0,2.0,1.0
9,50.0,desktop,12,51.0,2.0,4.0,2.0
10,52.0,desktop,12,55.0,4.0,4.0,4.0
