,time,event0,event1,event2,event3,event4,event5
0,0.0,mobile,11,0.0,2.0,1.0,2.0
1,2.0,mobile,11,1.0,1.0,4.0,1.0
2,3.0,mobile,11,5.0,4.0,1.0,4.0
3,7.0,mobile,11,6.0,1.0,1.0,1.0
4,8.0,mobile,11,7.0,1.0,3.0,1.0
5,9.0,mobile,11,10.0,3.0,5.0,3.0
6,12.0,mobile,11,15.0,5.0,2.0,5.0
7,17.0,mobile,11,17.0,2.0,1.0,2.0
8,19.0,mobile,11,18.0,1.0,1.0,1.0
9,20.0,mobile,11,19.0,1.0,1.0,1.0
