,time,event0,event1,event2,event3,event4,event5
0,0.0,desktop,13,0.0,1.0,1.0,1.0
1,1.0,desktop,13,1.0,1.0,6.0,1.0
2,2.0,desktop,13,7.0,6.0,2.0,6.0
3,8.0,desktop,13,9.0,71.0,76.0,2.0
4,79.0,desktop,13,85.0,7.0,1.0,7.0
5,86.0,desktop,13,86.0,1.0,1.0,1.0
6,87.0,mobile,13,87.0,1.0,1.0,1.0
7,88.0,desktop,13,88.0,1.0,1.0,1.0
8,89.0,desktop,13,89.0,1.0,2.0,1.0
9,90.0,desktop,13,91.0,2.0,2.0,2.0
10,92.0,desktop,13,93.0,2.0,1.0,2.0
11,94.0,mobile,13,94.0,1.0,1.0,1.0
