,time,event0,event1,event2,event3,event4,event5
0,0.0,mobile,11,0.0,1.0,3.0,1.0
1,1.0,mobile,11,3.0,3.0,5.0,3.0
2,4.0,desktop,11,8.0,5.0,4.0,5.0
3,9.0,mobile,11,12.0,4.0,2.0,4.0
4,13.0,mobile,11,14.0,216.0,215.0,2.0
5,229.0,mobile,11,229.0,1.0,1.0,1.0
6,230.0,mobile,11,230.0,1.0,1.0,1.0
7,231.0,mobile,11,231.0,1.0,1.0,1.0
8,232.0,mobile,11,232.0,1.0,1.0,1.0
9,233.0,mobile,11,233.0,1.0,2.0,1.0
