,time,event0,event1,event2,event3,event4,event5
0,0.0,desktop,11,0.0,1.0,4.0,1.0
1,1.0,desktop,11,4.0,4.0,2.0,4.0
2,5.0,desktop,11,6.0,2.0,3.0,2.0
3,7.0,desktop,11,9.0,3.0,3.0,3.0
4,10.0,desktop,11,12.0,3.0,1.0,3.0
5,13.0,desktop,11,13.0,134.0,135.0,1.0
6,147.0,desktop,11,148.0,2.0,4.0,2.0
7,149.0,desktop,11,152.0,4.0,4.0,4.0
8,153.0,desktop,11,156.0,4.0,3.0,4.0
9,157.0,desktop,11,159.0,3.0,1.0,3.0
