,time,event0,event1,event2,event3,event4,event5
0,0.0,desktop,13,0.0,4.0,3.0,4.0
1,4.0,desktop,13,3.0,3.0,1.0,3.0
2,7.0,desktop,13,4.0,1.0,1.0,1.0
3,8.0,desktop,13,5.0,1.0,2.0,1.0
4,9.0,desktop,13,7.0,2.0,2.0,2.0
5,11.0,desktop,13,9.0,2.0,3.0,2.0
6,13.0,desktop,13,12.0,200.0,198.0,3.0
7,213.0,desktop,13,210.0,1.0,1.0,1.0
8,214.0,desktop,13,211.0,1.0,1.0,1.0
9,215.0,desktop,13,212.0,1.0,1.0,1.0
10,216.0,desktop,13,213.0,1.0,1.0,1.0
11,217.0,desktop,13,214.0,1.0,1.0,1.0
