,time,event0,event1,event2,event3,event4,event5
0,0.0,desktop,13,0.0,3.0,3.0,3.0
1,3.0,desktop,13,3.0,3.0,2.0,3.0
2,6.0,desktop,13,5.0,2.0,5.0,2.0
3,8.0,desktop,13,10.0,210.0,207.0,5.0
4,218.0,desktop,13,217.0,2.0,3.0,2.0
5,220.0,desktop,13,220.0,3.0,1.0,3.0
6,223.0,desktop,13,221.0,1.0,4.0,1.0
7,224.0,desktop,13,225.0,4.0,2.0,4.0
8,228.0,desktop,13,227.0,2.0,1.0,2.0
9,230.0,desktop,13,228.0,1.0,4.0,1.0
10,231.0,desktop,13,232.0,4.0,1.0,4.0
11,235.0,desktop,13,233.0,1.0,1.0,1.0
