,time,event0,event1,event2,event3,event4,event5
0,0.0,mobile,13,0.0,2.0,1.0,2.0
1,2.0,mobile,13,1.0,1.0,1.0,1.0
2,3.0,mobile,13,2.0,1.0,2.0,1.0
3,4.0,tablet,13,4.0,147.0,148.0,2.0
4,151.0,mobile,13,152.0,3.0,1.0,3.0
5,154.0,mobile,13,153.0,1.0,3.0,1.0
6,155.0,mobile,13,156.0,3.0,2.0,3.0
7,158.0,mobile,13,158.0,4.0,3.0,2.0
8,162.0,mobile,13,161.0,83.0,84.0,1.0
9,245.0,mobile,13,245.0,2.0,2.0,2.0
10,247.0,tablet,13,247.0,2.0,1.0,2.0
11,249.0,mobile,13,248.0,1.0,1.0,1.0
