,time,event0,event1,event2,event3,event4,event5
0,0.0,mobile,11,0.0,4.0,1.0,4.0
1,4.0,mobile,11,1.0,1.0,2.0,1.0
2,5.0,mobile,11,3.0,2.0,3.0,2.0
3,7.0,mobile,11,6.0,3.0,3.0,3.0
4,10.0,desktop,11,9.0,3.0,5.0,3.0
5,13.0,mobile,11,14.0,151.0,147.0,5.0
6,164.0,desktop,11,161.0,1.0,1.0,1.0
7,165.0,desktop,11,162.0,1.0,1.0,1.0
8,166.0,mobile,11,163.0,1.0,1.0,1.0
9,167.0,desktop,11,164.0,1.0,1.0,1.0
