,time,event0,event1,event2,event3,event4,event5
0,0.0,desktop,11,0.0,6.0,8.0,3.0
1,6.0,desktop,11,8.0,8.0,6.0,5.0
2,14.0,mobile,11,14.0,13.0,12.0,3.0
3,27.0,mobile,11,26.0,2.0,5.0,2.0
4,29.0,desktop,11,31.0,5.0,1.0,5.0
5,34.0,desktop,11,32.0,1.0,10.0,1.0
6,35.0,desktop,11,42.0,21.0,14.0,10.0
7,56.0,desktop,11,56.0,3.0,3.0,3.0
8,59.0,desktop,11,59.0,3.0,6.0,3.0
9,62.0,desktop,11,65.0,6.0,3.0,6.0
