,time,event0,event1,event2,event3,event4,event5
0,0.0,desktop,11,0.0,4.0,1.0,4.0
1,4.0,desktop,11,1.0,1.0,7.0,1.0
2,5.0,desktop,11,8.0,7.0,1.0,7.0
3,12.0,desktop,11,9.0,1.0,4.0,1.0
4,13.0,desktop,11,13.0,20.0,17.0,4.0
5,33.0,mobile,11,30.0,1.0,4.0,1.0
6,34.0,desktop,11,34.0,4.0,4.0,4.0
7,38.0,mobile,11,38.0,4.0,2.0,4.0
8,42.0,mobile,11,40.0,2.0,4.0,2.0
9,44.0,desktop,11,44.0,4.0,1.0,4.0
