,time,event0,event1,event2,event3,event4,event5
0,0.0,desktop,11,0.0,2.0,2.0,2.0
1,2.0,desktop,11,2.0,2.0,1.0,2.0
2,4.0,desktop,11,3.0,1.0,3.0,1.0
3,5.0,desktop,11,6.0,5.0,3.0,3.0
4,10.0,desktop,11,9.0,1.0,6.0,1.0
5,11.0,desktop,11,15.0,6.0,3.0,6.0
6,17.0,desktop,11,18.0,3.0,3.0,3.0
7,20.0,desktop,11,21.0,3.0,1.0,3.0
8,23.0,desktop,11,22.0,1.0,3.0,1.0
9,24.0,desktop,11,25.0,3.0,1.0,3.0
