,time,event0,event1,event2,event3,event4,event5
0,0.0,desktop,13,0.0,2.0,1.0,2.0
1,2.0,desktop,13,1.0,1.0,1.0,1.0
2,3.0,desktop,13,2.0,1.0,2.0,1.0
3,4.0,desktop,13,4.0,81.0,80.0,2.0
4,85.0,desktop,13,84.0,1.0,1.0,1.0
5,86.0,desktop,13,85.0,1.0,3.0,1.0
6,87.0,desktop,13,88.0,3.0,5.0,3.0
7,90.0,desktop,13,93.0,5.0,1.0,5.0
8,95.0,desktop,13,94.0,18.0,19.0,1.0
9,113.0,desktop,13,113.0,2.0,1.0,2.0
10,115.0,desktop,13,114.0,1.0,1.0,1.0
11,116.0,desktop,13,115.0,1.0,2.0,1.0
