,time,event0,event1,event2,event3,event4,event5
0,0.0,mobile,12,0.0,1.0,1.0,1.0
1,1.0,mobile,12,1.0,1.0,3.0,1.0
2,2.0,mobile,12,4.0,3.0,1.0,3.0
3,5.0,mobile,12,5.0,1.0,2.0,1.0
4,6.0,mobile,12,7.0,82.0,83.0,2.0
5,88.0,mobile,12,90.0,3.0,2.0,3.0
6,91.0,mobile,12,92.0,2.0,2.0,2.0
7,93.0,mobile,12,94.0,2.0,4.0,2.0
8,95.0,mobile,12,98.0,4.0,2.0,4.0
9,99.0,mobile,12,100.0,2.0,5.0,2.0
10,101.0,mobile,12,105.0,5.0,1.0,5.0
