,time,event0,event1,event2,event3,event4,event5
0,0.0,desktop,13,0.0,4.0,2.0,4.0
1,4.0,desktop,13,2.0,2.0,2.0,2.0
2,6.0,desktop,13,4.0,2.0,1.0,2.0
3,8.0,desktop,13,5.0,1.0,2.0,1.0
4,9.0,desktop,13,7.0,2.0,3.0,2.0
5,11.0,desktop,13,10.0,3.0,2.0,3.0
6,14.0,desktop,13,12.0,2.0,2.0,2.0
7,16.0,desktop,13,14.0,2.0,7.0,2.0
8,18.0,desktop,13,21.0,7.0,3.0,7.0
9,25.0,desktop,13,24.0,3.0,3.0,3.0
10,28.0,desktop,13,27.0,3.0,2.0,3.0
11,31.0,desktop,13,29.0,2.0,1.0,2.0
