,time,event0,event1,event2,event3,event4,event5
0,0.0,desktop,11,0.0,4.0,2.0,4.0
1,4.0,desktop,11,2.0,2.0,4.0,2.0
2,6.0,desktop,11,6.0,4.0,3.0,4.0
3,10.0,desktop,11,9.0,3.0,2.0,3.0
4,13.0,desktop,11,11.0,2.0,5.0,2.0
5,15.0,desktop,11,16.0,5.0,1.0,5.0
6,20.0,desktop,11,17.0,194.0,196.0,1.0
7,214.0,desktop,11,213.0,3.0,1.0,3.0
8,217.0,desktop,11,214.0,1.0,4.0,1.0
9,218.0,desktop,11,218.0,4.0,4.0,4.0
