,time,event0,event1,event2,event3,event4,event5
0,0.0,desktop,12,0.0,4.0,1.0,4.0
1,4.0,desktop,12,1.0,1.0,1.0,1.0
2,5.0,desktop,12,2.0,1.0,1.0,1.0
3,6.0,desktop,12,3.0,227.0,228.0,1.0
4,233.0,tablet,12,231.0,2.0,1.0,2.0
5,235.0,desktop,12,232.0,1.0,2.0,1.0
6,236.0,desktop,12,234.0,2.0,1.0,2.0
7,238.0,desktop,12,235.0,1.0,3.0,1.0
8,239.0,tablet,12,238.0,3.0,3.0,3.0
9,242.0,desktop,12,241.0,3.0,1.0,3.0
10,245.0,tablet,12,242.0,1.0,1.0,1.0
