,time,event0,event1,event2,event3,event4,event5
0,0.0,desktop,12,0.0,1.0,15.0,1.0
1,1.0,desktop,12,15.0,15.0,2.0,15.0
2,16.0,desktop,12,17.0,2.0,1.0,2.0
3,18.0,desktop,12,18.0,1.0,2.0,1.0
4,19.0,desktop,12,20.0,2.0,9.0,2.0
5,21.0,desktop,12,29.0,9.0,1.0,9.0
6,30.0,desktop,12,30.0,89.0,89.0,1.0
7,119.0,desktop,12,119.0,1.0,2.0,1.0
8,120.0,desktop,12,121.0,2.0,8.0,2.0
9,122.0,desktop,12,129.0,8.0,22.0,8.0
10,130.0,desktop,12,151.0,22.0,1.0,22.0
