,time,event0,event1,event2,event3,event4,event5
0,0.0,mobile,11,0.0,7.0,1.0,7.0
1,7.0,mobile,11,1.0,1.0,1.0,1.0
2,8.0,mobile,11,2.0,1.0,2.0,1.0
3,9.0,mobile,11,4.0,2.0,3.0,2.0
4,11.0,mobile,11,7.0,3.0,1.0,3.0
5,14.0,mobile,11,8.0,1.0,5.0,1.0
6,15.0,mobile,11,13.0,159.0,155.0,5.0
7,174.0,desktop,11,168.0,1.0,4.0,1.0
8,175.0,desktop,11,172.0,4.0,3.0,4.0
9,179.0,desktop,11,175.0,3.0,1.0,3.0
