,time,event0,event1,event2,event3,event4,event5
0,0.0,desktop,11,0.0,1.0,2.0,1.0
1,1.0,desktop,11,2.0,2.0,2.0,2.0
2,3.0,desktop,11,4.0,2.0,3.0,2.0
3,5.0,desktop,11,7.0,3.0,4.0,3.0
4,8.0,desktop,11,11.0,102.0,100.0,4.0
5,110.0,desktop,11,111.0,2.0,1.0,2.0
6,112.0,mobile,11,112.0,1.0,1.0,1.0
7,113.0,mobile,11,113.0,1.0,2.0,1.0
8,114.0,mobile,11,115.0,2.0,1.0,2.0
9,116.0,desktop,11,116.0,1.0,1.0,1.0
