,time,event0,event1,event2,event3,event4,event5
0,0.0,desktop,13,0.0,1.0,3.0,1.0
1,1.0,desktop,13,3.0,3.0,3.0,3.0
2,4.0,desktop,13,6.0,3.0,1.0,3.0
3,7.0,desktop,13,7.0,58.0,60.0,1.0
4,65.0,desktop,13,67.0,3.0,1.0,3.0
5,68.0,desktop,13,68.0,1.0,3.0,1.0
6,69.0,desktop,13,71.0,3.0,2.0,3.0
7,72.0,desktop,13,73.0,2.0,4.0,2.0
8,74.0,desktop,13,77.0,52.0,49.0,4.0
9,126.0,desktop,13,126.0,1.0,4.0,1.0
10,127.0,desktop,13,130.0,4.0,2.0,4.0
11,131.0,desktop,13,132.0,2.0,2.0,2.0
