,time,event0,event1,event2,event3,event4,event5
0,0.0,desktop,13,0.0,7.0,1.0,7.0
1,7.0,desktop,13,1.0,1.0,1.0,1.0
2,8.0,desktop,13,2.0,1.0,2.0,1.0
3,9.0,desktop,13,4.0,67.0,68.0,2.0
4,76.0,desktop,13,72.0,3.0,1.0,3.0
5,79.0,desktop,13,73.0,1.0,1.0,1.0
6,80.0,desktop,13,74.0,1.0,2.0,1.0
7,81.0,desktop,13,76.0,2.0,3.0,2.0
8,83.0,desktop,13,79.0,3.0,2.0,3.0
9,86.0,desktop,13,81.0,2.0,2.0,2.0
10,88.0,desktop,13,83.0,2.0,3.0,2.0
11,90.0,desktop,13,86.0,3.0,2.0,3.0
