,time,event0,event1,event2,event3,event4,event5
0,0.0,desktop,11,0.0,2.0,3.0,2.0
1,2.0,desktop,11,3.0,3.0,3.0,3.0
2,5.0,mobile,11,6.0,3.0,2.0,3.0
3,8.0,desktop,11,8.0,2.0,2.0,2.0
4,10.0,desktop,11,10.0,2.0,1.0,2.0
5,12.0,desktop,11,11.0,80.0,83.0,1.0
6,92.0,desktop,11,94.0,4.0,3.0,4.0
7,96.0,desktop,11,97.0,3.0,4.0,3.0
8,99.0,desktop,11,101.0,4.0,1.0,4.0
9,103.0,desktop,11,102.0,1.0,3.0,1.0
