,time,event0,event1,event2,event3,event4,event5
0,0.0,desktop,11,0.0,2.0,2.0,2.0
1,2.0,desktop,11,2.0,2.0,1.0,2.0
2,4.0,desktop,11,3.0,1.0,2.0,1.0
3,5.0,desktop,11,5.0,54.0,54.0,2.0
4,59.0,desktop,11,59.0,2.0,4.0,2.0
5,61.0,desktop,11,63.0,4.0,3.0,4.0
6,65.0,mobile,11,66.0,3.0,2.0,3.0
7,68.0,desktop,11,68.0,2.0,3.0,2.0
8,70.0,desktop,11,71.0,3.0,1.0,3.0
9,73.0,desktop,11,72.0,1.0,2.0,1.0
