,time,event0,event1,event2,event3,event4,event5
0,0.0,desktop,11,0.0,5.0,2.0,5.0
1,5.0,desktop,11,2.0,2.0,2.0,2.0
2,7.0,desktop,11,4.0,2.0,4.0,2.0
3,9.0,desktop,11,8.0,4.0,3.0,4.0
4,13.0,desktop,11,11.0,3.0,4.0,3.0
5,16.0,desktop,11,15.0,4.0,4.0,4.0
6,20.0,desktop,11,19.0,4.0,1.0,4.0
7,24.0,desktop,11,20.0,1.0,4.0,1.0
8,25.0,desktop,11,24.0,4.0,2.0,4.0
9,29.0,desktop,11,26.0,2.0,3.0,2.0
