,time,event0,event1,event2,event3,event4,event5
0,0.0,mobile,11,0.0,7.0,5.0,3.0
1,7.0,mobile,11,5.0,1.0,1.0,1.0
2,8.0,mobile,11,6.0,1.0,1.0,1.0
3,9.0,mobile,11,7.0,1.0,3.0,1.0
4,10.0,mobile,11,10.0,138.0,136.0,3.0
5,148.0,mobile,11,146.0,1.0,2.0,1.0
6,149.0,mobile,11,148.0,2.0,2.0,2.0
7,151.0,mobile,11,150.0,4.0,4.0,2.0
8,155.0,mobile,11,154.0,2.0,2.0,2.0
9,157.0,mobile,11,156.0,4.0,3.0,2.0
