,time,event0,event1,event2,event3,event4,event5
0,0.0,desktop,13,0.0,1.0,3.0,1.0
1,1.0,desktop,13,3.0,3.0,2.0,3.0
2,4.0,desktop,13,5.0,2.0,1.0,2.0
3,6.0,desktop,13,6.0,3.0,4.0,1.0
4,9.0,desktop,13,10.0,2.0,1.0,2.0
5,11.0,desktop,13,11.0,1.0,2.0,1.0
6,12.0,desktop,13,13.0,2.0,2.0,2.0
7,14.0,desktop,13,15.0,72.0,71.0,2.0
8,86.0,desktop,13,86.0,1.0,1.0,1.0
9,87.0,desktop,13,87.0,1.0,1.0,1.0
10,88.0,desktop,13,88.0,1.0,1.0,1.0
11,89.0,desktop,13,89.0,1.0,1.0,1.0
