,time,event0,event1,event2,event3,event4,event5
0,0.0,desktop,13,0.0,1.0,2.0,1.0
1,1.0,desktop,13,2.0,6.0,6.0,2.0
2,7.0,desktop,13,8.0,2.0,3.0,2.0
3,9.0,desktop,13,11.0,3.0,1.0,3.0
4,12.0,desktop,13,12.0,1.0,2.0,1.0
5,13.0,desktop,13,14.0,2.0,1.0,2.0
6,15.0,desktop,13,15.0,1.0,4.0,1.0
7,16.0,desktop,13,19.0,4.0,1.0,4.0
8,20.0,desktop,13,20.0,83.0,85.0,1.0
9,103.0,desktop,13,105.0,3.0,2.0,3.0
10,106.0,desktop,13,107.0,2.0,1.0,2.0
11,108.0,desktop,13,108.0,1.0,1.0,1.0
