,time,event0,event1,event2,event3,event4,event5
0,0.0,mobile,11,0.0,3.0,3.0,3.0
1,3.0,mobile,11,3.0,3.0,2.0,3.0
2,6.0,mobile,11,5.0,2.0,2.0,2.0
3,8.0,mobile,11,7.0,2.0,2.0,2.0
4,10.0,mobile,11,9.0,2.0,2.0,2.0
5,12.0,mobile,11,11.0,13.0,15.0,2.0
6,25.0,mobile,11,26.0,4.0,2.0,4.0
7,29.0,mobile,11,28.0,2.0,1.0,2.0
8,31.0,mobile,11,29.0,1.0,1.0,1.0
9,32.0,mobile,11,30.0,1.0,1.0,1.0
