,time,event0,event1,event2,event3,event4,event5
0,0.0,mobile,12,0.0,1.0,2.0,1.0
1,1.0,mobile,12,2.0,2.0,1.0,2.0
2,3.0,mobile,12,3.0,1.0,3.0,1.0
3,4.0,mobile,12,6.0,28.0,26.0,3.0
4,32.0,mobile,12,32.0,1.0,1.0,1.0
5,33.0,mobile,12,33.0,1.0,4.0,1.0
6,34.0,mobile,12,37.0,4.0,1.0,4.0
7,38.0,mobile,12,38.0,1.0,3.0,1.0
8,39.0,mobile,12,41.0,3.0,3.0,3.0
9,42.0,mobile,12,44.0,3.0,1.0,3.0
10,45.0,mobile,12,45.0,1.0,1.0,1.0
