,time,event0,event1,event2,event3,event4,event5
0,0.0,mobile,13,0.0,3.0,1.0,3.0
1,3.0,mobile,13,1.0,1.0,1.0,1.0
2,4.0,mobile,13,2.0,1.0,1.0,1.0
3,5.0,mobile,13,3.0,19.0,20.0,1.0
4,24.0,mobile,13,23.0,2.0,2.0,2.0
5,26.0,mobile,13,25.0,2.0,1.0,2.0
6,28.0,mobile,13,26.0,1.0,1.0,1.0
7,29.0,mobile,13,27.0,1.0,2.0,1.0
8,30.0,mobile,13,29.0,4.0,3.0,2.0
9,34.0,mobile,13,32.0,1.0,1.0,1.0
10,35.0,mobile,13,33.0,1.0,1.0,1.0
11,36.0,mobile,13,34.0,1.0,2.0,1.0
