,time,event0,event1,event2,event3,event4,event5
0,0.0,mobile,12,0.0,1.0,2.0,1.0
1,1.0,desktop,12,2.0,2.0,2.0,2.0
2,3.0,desktop,12,4.0,2.0,2.0,2.0
3,5.0,desktop,12,6.0,2.0,1.0,2.0
4,7.0,desktop,12,7.0,133.0,133.0,1.0
5,140.0,desktop,12,140.0,1.0,3.0,1.0
6,141.0,desktop,12,143.0,3.0,4.0,3.0
7,144.0,desktop,12,147.0,4.0,2.0,4.0
8,148.0,desktop,12,149.0,2.0,5.0,2.0
9,150.0,desktop,12,154.0,5.0,2.0,5.0
10,155.0,desktop,12,156.0,2.0,1.0,2.0
