,time,event0,event1,event2,event3,event4,event5
0,0.0,desktop,13,0.0,2.0,3.0,2.0
1,2.0,desktop,13,3.0,3.0,1.0,3.0
2,5.0,desktop,13,4.0,1.0,2.0,1.0
3,6.0,desktop,13,6.0,2.0,1.0,2.0
4,8.0,tablet,13,7.0,1.0,3.0,1.0
5,9.0,tablet,13,10.0,3.0,2.0,3.0
6,12.0,tablet,13,12.0,157.0,157.0,2.0
7,169.0,desktop,13,169.0,2.0,5.0,2.0
8,171.0,desktop,13,174.0,5.0,3.0,5.0
9,176.0,desktop,13,177.0,3.0,2.0,3.0
10,179.0,desktop,13,179.0,2.0,4.0,2.0
11,181.0,desktop,13,183.0,4.0,1.0,4.0
