,time,event0,event1,event2,event3,event4,event5
0,0.0,desktop,12,0.0,1.0,1.0,1.0
1,1.0,desktop,12,1.0,1.0,1.0,1.0
2,2.0,desktop,12,2.0,1.0,2.0,1.0
3,3.0,desktop,12,4.0,2.0,5.0,2.0
4,5.0,desktop,12,9.0,5.0,4.0,5.0
5,10.0,desktop,12,13.0,4.0,2.0,4.0
6,14.0,desktop,12,15.0,2.0,9.0,2.0
7,16.0,desktop,12,24.0,9.0,2.0,9.0
8,25.0,desktop,12,26.0,2.0,1.0,2.0
9,27.0,desktop,12,27.0,1.0,1.0,1.0
10,28.0,desktop,12,28.0,1.0,1.0,1.0
