,time,event0,event1,event2,event3,event4,event5
0,0.0,desktop,11,0.0,5.0,1.0,5.0
1,5.0,desktop,11,1.0,1.0,1.0,1.0
2,6.0,desktop,11,2.0,1.0,3.0,1.0
3,7.0,desktop,11,5.0,3.0,2.0,3.0
4,10.0,desktop,11,7.0,2.0,1.0,2.0
5,12.0,desktop,11,8.0,1.0,6.0,1.0
6,13.0,desktop,11,14.0,6.0,2.0,6.0
7,19.0,desktop,11,16.0,2.0,1.0,2.0
8,21.0,desktop,11,17.0,1.0,2.0,1.0
9,22.0,desktop,11,19.0,2.0,1.0,2.0
