,time,event0,event1,event2,event3,event4,event5
0,0.0,desktop,13,0.0,2.0,1.0,2.0
1,2.0,desktop,13,1.0,1.0,2.0,1.0
2,3.0,desktop,13,3.0,2.0,4.0,2.0
3,5.0,desktop,13,7.0,54.0,51.0,4.0
4,59.0,desktop,13,58.0,1.0,1.0,1.0
5,60.0,desktop,13,59.0,1.0,1.0,1.0
6,61.0,desktop,13,60.0,1.0,1.0,1.0
7,62.0,desktop,13,61.0,1.0,1.0,1.0
8,63.0,desktop,13,62.0,86.0,89.0,1.0
9,149.0,desktop,13,151.0,4.0,3.0,4.0
10,153.0,desktop,13,154.0,3.0,1.0,3.0
11,156.0,desktop,13,155.0,1.0,5.0,1.0
