,time,event0,event1,event2,event3,event4,event5
0,0.0,desktop,11,0.0,2.0,2.0,2.0
1,2.0,desktop,11,2.0,2.0,1.0,2.0
2,4.0,desktop,11,3.0,1.0,2.0,1.0
3,5.0,desktop,11,5.0,2.0,2.0,2.0
4,7.0,desktop,11,7.0,14.0,15.0,2.0
5,21.0,mobile,11,22.0,3.0,4.0,3.0
6,24.0,mobile,11,26.0,4.0,4.0,4.0
7,28.0,mobile,11,30.0,4.0,4.0,4.0
8,32.0,mobile,11,34.0,4.0,3.0,4.0
9,36.0,mobile,11,37.0,3.0,1.0,3.0
