,time,event0,event1,event2,event3,event4,event5
0,0.0,mobile,12,0.0,2.0,1.0,2.0
1,2.0,mobile,12,1.0,1.0,1.0,1.0
2,3.0,mobile,12,2.0,1.0,2.0,1.0
3,4.0,mobile,12,4.0,65.0,65.0,2.0
4,69.0,mobile,12,69.0,2.0,1.0,2.0
5,71.0,mobile,12,70.0,1.0,1.0,1.0
6,72.0,mobile,12,71.0,1.0,1.0,1.0
7,73.0,mobile,12,72.0,45.0,45.0,1.0
8,118.0,mobile,12,117.0,1.0,3.0,1.0
9,119.0,mobile,12,120.0,3.0,6.0,3.0
10,122.0,mobile,12,126.0,6.0,1.0,6.0
