,time,event0,event1,event2,event3,event4,event5
0,0.0,tablet,11,0.0,2.0,3.0,2.0
1,2.0,tablet,11,3.0,3.0,3.0,3.0
2,5.0,tablet,11,6.0,3.0,3.0,3.0
3,8.0,mobile,11,9.0,205.0,203.0,3.0
4,213.0,desktop,11,212.0,1.0,2.0,1.0
5,214.0,desktop,11,214.0,2.0,4.0,2.0
6,216.0,desktop,11,218.0,4.0,2.0,4.0
7,220.0,desktop,11,220.0,2.0,2.0,2.0
8,222.0,desktop,11,222.0,2.0,2.0,2.0
9,224.0,desktop,11,224.0,2.0,2.0,2.0
