,time,event0,event1,event2,event3,event4,event5
0,0.0,desktop,13,0.0,4.0,2.0,4.0
1,4.0,mobile,13,2.0,2.0,1.0,2.0
2,6.0,mobile,13,3.0,1.0,1.0,1.0
3,7.0,mobile,13,4.0,115.0,119.0,1.0
4,122.0,desktop,13,123.0,5.0,5.0,5.0
5,127.0,desktop,13,128.0,5.0,4.0,5.0
6,132.0,desktop,13,132.0,4.0,4.0,4.0
7,136.0,desktop,13,136.0,4.0,1.0,4.0
8,140.0,desktop,13,137.0,1.0,2.0,1.0
9,141.0,mobile,13,139.0,2.0,1.0,2.0
10,143.0,mobile,13,140.0,1.0,3.0,1.0
11,144.0,mobile,13,143.0,3.0,1.0,3.0
