,time,event0,event1,event2,event3,event4,event5
0,0.0,tablet,14,0.0,1.0,1.0,1.0
1,1.0,mobile,14,1.0,1.0,1.0,1.0
2,2.0,desktop,14,2.0,1.0,1.0,1.0
3,3.0,tablet,14,3.0,1.0,3.0,1.0
4,4.0,desktop,14,6.0,3.0,1.0,3.0
5,7.0,desktop,14,7.0,35.0,41.0,1.0
6,42.0,desktop,14,48.0,7.0,1.0,7.0
7,49.0,mobile,14,49.0,1.0,1.0,1.0
8,50.0,mobile,14,50.0,1.0,4.0,1.0
9,51.0,mobile,14,54.0,168.0,165.0,4.0
10,219.0,tablet,14,219.0,1.0,1.0,1.0
11,220.0,tablet,14,220.0,1.0,2.0,1.0
12,221.0,mobile,14,222.0,2.0,2.0,2.0
