,time,event0,event1,event2,event3,event4,event5
0,0.0,desktop,14,0.0,5.0,4.0,5.0
1,5.0,desktop,14,4.0,4.0,3.0,4.0
2,9.0,desktop,14,7.0,3.0,1.0,3.0
3,12.0,desktop,14,8.0,5.0,5.0,1.0
4,17.0,desktop,14,13.0,1.0,2.0,1.0
5,18.0,desktop,14,15.0,2.0,3.0,2.0
6,20.0,desktop,14,18.0,3.0,1.0,3.0
7,23.0,desktop,14,19.0,1.0,2.0,1.0
8,24.0,desktop,14,21.0,19.0,20.0,2.0
9,43.0,desktop,14,41.0,3.0,1.0,3.0
10,46.0,desktop,14,42.0,1.0,3.0,1.0
11,47.0,tablet,14,45.0,3.0,3.0,3.0
12,50.0,tablet,14,48.0,3.0,1.0,3.0
