,time,event0,event1,event2,event3,event4,event5
0,0.0,desktop,11,0.0,7.0,7.0,7.0
1,7.0,desktop,11,7.0,7.0,6.0,7.0
2,14.0,desktop,11,13.0,6.0,2.0,6.0
3,20.0,desktop,11,15.0,2.0,2.0,2.0
4,22.0,desktop,11,17.0,2.0,3.0,2.0
5,24.0,desktop,11,20.0,148.0,146.0,3.0
6,172.0,desktop,11,166.0,1.0,2.0,1.0
7,173.0,desktop,11,168.0,2.0,4.0,2.0
8,175.0,desktop,11,172.0,4.0,3.0,4.0
9,179.0,desktop,11,175.0,3.0,2.0,3.0
