,time,event0,event1,event2,event3,event4,event5
0,0.0,desktop,13,0.0,3.0,1.0,3.0
1,3.0,desktop,13,1.0,1.0,1.0,1.0
2,4.0,desktop,13,2.0,1.0,1.0,1.0
3,5.0,desktop,13,3.0,72.0,72.0,1.0
4,77.0,desktop,13,75.0,1.0,4.0,1.0
5,78.0,desktop,13,79.0,4.0,4.0,4.0
6,82.0,desktop,13,83.0,4.0,1.0,4.0
7,86.0,desktop,13,84.0,1.0,1.0,1.0
8,87.0,desktop,13,85.0,77.0,78.0,1.0
9,164.0,desktop,13,163.0,2.0,2.0,2.0
10,166.0,desktop,13,165.0,2.0,1.0,2.0
11,168.0,desktop,13,166.0,1.0,1.0,1.0
