,time,event0,event1,event2,event3,event4,event5
0,0.0,desktop,12,0.0,2.0,3.0,2.0
1,2.0,desktop,12,3.0,3.0,1.0,3.0
2,5.0,desktop,12,4.0,1.0,1.0,1.0
3,6.0,desktop,12,5.0,1.0,2.0,1.0
4,7.0,desktop,12,7.0,2.0,2.0,2.0
5,9.0,tablet,12,9.0,2.0,2.0,2.0
6,11.0,tablet,12,11.0,2.0,1.0,2.0
7,13.0,tablet,12,12.0,70.0,70.0,1.0
8,83.0,desktop,12,82.0,1.0,4.0,1.0
9,84.0,desktop,12,86.0,4.0,1.0,4.0
10,88.0,desktop,12,87.0,1.0,4.0,1.0
