,time,event0,event1,event2,event3,event4,event5
0,0.0,mobile,11,0.0,1.0,1.0,1.0
1,1.0,mobile,11,1.0,2.0,4.0,1.0
2,3.0,mobile,11,5.0,3.0,4.0,3.0
3,6.0,mobile,11,9.0,4.0,3.0,4.0
4,10.0,mobile,11,12.0,87.0,86.0,3.0
5,97.0,mobile,11,98.0,2.0,1.0,2.0
6,99.0,mobile,11,99.0,1.0,2.0,1.0
7,100.0,mobile,11,101.0,2.0,2.0,2.0
8,102.0,mobile,11,103.0,2.0,3.0,2.0
9,104.0,desktop,11,106.0,3.0,1.0,3.0
