,time,event0,event1,event2,event3,event4,event5
0,0.0,desktop,11,0.0,6.0,7.0,1.0
1,6.0,desktop,11,7.0,2.0,1.0,2.0
2,8.0,desktop,11,8.0,1.0,1.0,1.0
3,9.0,desktop,11,9.0,1.0,5.0,1.0
4,10.0,desktop,11,14.0,5.0,2.0,5.0
5,15.0,desktop,11,16.0,2.0,2.0,2.0
6,17.0,desktop,11,18.0,2.0,3.0,2.0
7,19.0,desktop,11,21.0,3.0,3.0,3.0
8,22.0,desktop,11,24.0,3.0,3.0,3.0
9,25.0,desktop,11,27.0,3.0,1.0,3.0
