,time,event0,event1,event2,event3,event4,event5
0,0.0,desktop,12,0.0,1.0,2.0,1.0
1,1.0,desktop,12,2.0,2.0,1.0,2.0
2,3.0,desktop,12,3.0,1.0,1.0,1.0
3,4.0,desktop,12,4.0,38.0,38.0,1.0
4,42.0,desktop,12,42.0,1.0,2.0,1.0
5,43.0,desktop,12,44.0,2.0,1.0,2.0
6,45.0,desktop,12,45.0,1.0,1.0,1.0
7,46.0,desktop,12,46.0,132.0,132.0,1.0
8,178.0,desktop,12,178.0,1.0,1.0,1.0
9,179.0,desktop,12,179.0,1.0,4.0,1.0
10,180.0,desktop,12,183.0,4.0,1.0,4.0
