,time,event0,event1,event2,event3,event4,event5
0,0.0,desktop,12,0.0,1.0,1.0,1.0
1,1.0,mobile,12,1.0,1.0,2.0,1.0
2,2.0,mobile,12,3.0,2.0,2.0,2.0
3,4.0,mobile,12,5.0,177.0,176.0,2.0
4,181.0,desktop,12,181.0,1.0,6.0,1.0
5,182.0,desktop,12,187.0,6.0,8.0,6.0
6,188.0,desktop,12,195.0,8.0,8.0,8.0
7,196.0,desktop,12,203.0,8.0,1.0,8.0
8,204.0,mobile,12,204.0,1.0,3.0,1.0
9,205.0,desktop,12,207.0,3.0,4.0,3.0
10,208.0,desktop,12,211.0,4.0,1.0,4.0
