,time,event0,event1,event2,event3,event4,event5
0,0.0,desktop,13,0.0,4.0,1.0,4.0
1,4.0,desktop,13,1.0,1.0,1.0,1.0
2,5.0,mobile,13,2.0,1.0,4.0,1.0
3,6.0,desktop,13,6.0,4.0,1.0,4.0
4,10.0,mobile,13,7.0,1.0,1.0,1.0
5,11.0,desktop,13,8.0,1.0,14.0,1.0
6,12.0,desktop,13,22.0,14.0,1.0,14.0
7,26.0,mobile,13,23.0,1.0,13.0,1.0
8,27.0,desktop,13,36.0,13.0,1.0,13.0
9,40.0,mobile,13,37.0,1.0,14.0,1.0
10,41.0,desktop,13,51.0,14.0,10.0,14.0
11,55.0,desktop,13,61.0,10.0,4.0,10.0
