,time,event0,event1,event2,event3,event4,event5
0,0.0,desktop,13,0.0,1.0,2.0,1.0
1,1.0,desktop,13,2.0,2.0,2.0,2.0
2,3.0,desktop,13,4.0,2.0,2.0,2.0
3,5.0,desktop,13,6.0,2.0,2.0,2.0
4,7.0,desktop,13,8.0,62.0,63.0,2.0
5,69.0,desktop,13,71.0,3.0,1.0,3.0
6,72.0,desktop,13,72.0,1.0,2.0,1.0
7,73.0,desktop,13,74.0,2.0,2.0,2.0
8,75.0,desktop,13,76.0,111.0,113.0,2.0
9,186.0,desktop,13,189.0,4.0,2.0,4.0
10,190.0,desktop,13,191.0,2.0,3.0,2.0
11,192.0,desktop,13,194.0,3.0,5.0,3.0
