,time,event0,event1,event2,event3,event4,event5
0,0.0,desktop,12,0.0,4.0,1.0,4.0
1,4.0,desktop,12,1.0,1.0,2.0,1.0
2,5.0,desktop,12,3.0,5.0,4.0,2.0
3,10.0,tablet,12,7.0,1.0,1.0,1.0
4,11.0,tablet,12,8.0,1.0,2.0,1.0
5,12.0,tablet,12,10.0,2.0,3.0,2.0
6,14.0,tablet,12,13.0,3.0,1.0,3.0
7,17.0,tablet,12,14.0,1.0,4.0,1.0
8,18.0,tablet,12,18.0,4.0,3.0,4.0
9,22.0,tablet,12,21.0,3.0,3.0,3.0
10,25.0,tablet,12,24.0,3.0,1.0,3.0
