,time,event0,event1,event2,event3,event4,event5
0,0.0,mobile,13,0.0,3.0,5.0,3.0
1,3.0,desktop,13,5.0,5.0,1.0,5.0
2,8.0,mobile,13,6.0,1.0,1.0,1.0
3,9.0,mobile,13,7.0,1.0,1.0,1.0
4,10.0,mobile,13,8.0,1.0,2.0,1.0
5,11.0,mobile,13,10.0,185.0,184.0,2.0
6,196.0,mobile,13,194.0,1.0,2.0,1.0
7,197.0,mobile,13,196.0,2.0,1.0,2.0
8,199.0,mobile,13,197.0,1.0,2.0,1.0
9,200.0,mobile,13,199.0,2.0,2.0,2.0
10,202.0,mobile,13,201.0,2.0,2.0,2.0
11,204.0,mobile,13,203.0,2.0,1.0,2.0
