,time,event0,event1,event2,event3,event4,event5
0,0.0,desktop,11,0.0,1.0,2.0,1.0
1,1.0,desktop,11,2.0,2.0,1.0,2.0
2,3.0,desktop,11,3.0,1.0,3.0,1.0
3,4.0,desktop,11,6.0,3.0,3.0,3.0
4,7.0,desktop,11,9.0,3.0,2.0,3.0
5,10.0,desktop,11,11.0,2.0,2.0,2.0
6,12.0,desktop,11,13.0,142.0,141.0,2.0
7,154.0,tablet,11,154.0,1.0,4.0,1.0
8,155.0,tablet,11,158.0,4.0,1.0,4.0
9,159.0,desktop,11,159.0,1.0,1.0,1.0
