,time,event0,event1,event2,event3,event4,event5
0,0.0,mobile,13,0.0,1.0,3.0,1.0
1,1.0,desktop,13,3.0,3.0,1.0,3.0
2,4.0,desktop,13,4.0,1.0,1.0,1.0
3,5.0,desktop,13,5.0,59.0,62.0,1.0
4,64.0,desktop,13,67.0,4.0,1.0,4.0
5,68.0,desktop,13,68.0,1.0,2.0,1.0
6,69.0,desktop,13,70.0,2.0,4.0,2.0
7,71.0,desktop,13,74.0,4.0,1.0,4.0
8,75.0,desktop,13,75.0,1.0,1.0,1.0
9,76.0,desktop,13,76.0,1.0,2.0,1.0
10,77.0,desktop,13,78.0,2.0,3.0,2.0
11,79.0,desktop,13,81.0,3.0,2.0,3.0
