,time,event0,event1,event2,event3,event4,event5
0,0.0,desktop,11,0.0,1.0,2.0,1.0
1,1.0,desktop,11,2.0,2.0,2.0,2.0
2,3.0,desktop,11,4.0,2.0,2.0,2.0
3,5.0,desktop,11,6.0,2.0,4.0,2.0
4,7.0,desktop,11,10.0,4.0,1.0,4.0
5,11.0,desktop,11,11.0,89.0,91.0,1.0
6,100.0,desktop,11,102.0,3.0,4.0,3.0
7,103.0,mobile,11,106.0,4.0,1.0,4.0
8,107.0,mobile,11,107.0,1.0,3.0,1.0
9,108.0,mobile,11,110.0,3.0,4.0,3.0
