,time,event0,event1,event2,event3,event4,event5
0,0.0,mobile,11,0.0,3.0,3.0,3.0
1,3.0,mobile,11,3.0,3.0,5.0,3.0
2,6.0,desktop,11,8.0,5.0,5.0,5.0
3,11.0,desktop,11,13.0,5.0,2.0,5.0
4,16.0,mobile,11,15.0,2.0,3.0,2.0
5,18.0,mobile,11,18.0,3.0,1.0,3.0
6,21.0,mobile,11,19.0,231.0,231.0,1.0
7,252.0,mobile,11,250.0,1.0,2.0,1.0
8,253.0,mobile,11,252.0,2.0,3.0,2.0
9,255.0,mobile,11,255.0,3.0,2.0,3.0
