,time,event0,event1,event2,event3,event4,event5
0,0.0,desktop,13,0.0,4.0,6.0,4.0
1,4.0,desktop,13,6.0,6.0,1.0,6.0
2,10.0,desktop,13,7.0,1.0,1.0,1.0
3,11.0,desktop,13,8.0,1.0,1.0,1.0
4,12.0,desktop,13,9.0,1.0,2.0,1.0
5,13.0,desktop,13,11.0,2.0,3.0,2.0
6,15.0,desktop,13,14.0,3.0,2.0,3.0
7,18.0,desktop,13,16.0,3.0,2.0,2.0
8,21.0,desktop,13,18.0,1.0,3.0,1.0
9,22.0,desktop,13,21.0,3.0,1.0,3.0
10,25.0,desktop,13,22.0,1.0,6.0,1.0
11,26.0,desktop,13,28.0,6.0,1.0,6.0
