,time,event0,event1,event2,event3,event4,event5
0,0.0,desktop,13,0.0,3.0,1.0,3.0
1,3.0,desktop,13,1.0,1.0,4.0,1.0
2,4.0,desktop,13,5.0,4.0,1.0,4.0
3,8.0,desktop,13,6.0,160.0,160.0,1.0
4,168.0,desktop,13,166.0,1.0,2.0,1.0
5,169.0,desktop,13,168.0,2.0,1.0,2.0
6,171.0,desktop,13,169.0,1.0,1.0,1.0
7,172.0,desktop,13,170.0,1.0,1.0,1.0
8,173.0,desktop,13,171.0,1.0,3.0,1.0
9,174.0,desktop,13,174.0,3.0,1.0,3.0
10,177.0,desktop,13,175.0,1.0,2.0,1.0
11,178.0,desktop,13,177.0,2.0,1.0,2.0
