,time,event0,event1,event2,event3,event4,event5
0,0.0,desktop,13,0.0,2.0,2.0,2.0
1,2.0,desktop,13,2.0,2.0,5.0,2.0
2,4.0,desktop,13,7.0,5.0,5.0,5.0
3,9.0,desktop,13,12.0,5.0,2.0,5.0
4,14.0,desktop,13,14.0,133.0,132.0,2.0
5,147.0,desktop,13,146.0,1.0,1.0,1.0
6,148.0,desktop,13,147.0,1.0,3.0,1.0
7,149.0,desktop,13,150.0,3.0,2.0,3.0
8,152.0,desktop,13,152.0,2.0,1.0,2.0
9,154.0,desktop,13,153.0,1.0,2.0,1.0
10,155.0,desktop,13,155.0,2.0,1.0,2.0
11,157.0,desktop,13,156.0,1.0,1.0,1.0
