,time,event0,event1,event2,event3,event4,event5
0,0.0,desktop,13,0.0,6.0,3.0,6.0
1,6.0,desktop,13,3.0,3.0,5.0,3.0
2,9.0,desktop,13,8.0,11.0,9.0,5.0
3,20.0,desktop,13,17.0,3.0,1.0,3.0
4,23.0,desktop,13,18.0,281.0,281.0,1.0
5,304.0,desktop,13,299.0,1.0,1.0,1.0
6,305.0,desktop,13,300.0,1.0,3.0,1.0
7,306.0,desktop,13,303.0,3.0,1.0,3.0
8,309.0,desktop,13,304.0,42.0,43.0,1.0
9,351.0,desktop,13,347.0,2.0,2.0,2.0
10,353.0,desktop,13,349.0,2.0,5.0,2.0
11,355.0,desktop,13,354.0,5.0,1.0,5.0
