,time,event0,event1,event2,event3,event4,event5
0,0.0,desktop,12,0.0,4.0,2.0,4.0
1,4.0,desktop,12,2.0,2.0,3.0,2.0
2,6.0,desktop,12,5.0,3.0,2.0,3.0
3,9.0,desktop,12,7.0,2.0,1.0,2.0
4,11.0,desktop,12,8.0,1.0,3.0,1.0
5,12.0,desktop,12,11.0,89.0,88.0,3.0
6,101.0,desktop,12,99.0,2.0,2.0,2.0
7,103.0,desktop,12,101.0,2.0,2.0,2.0
8,105.0,desktop,12,103.0,2.0,2.0,2.0
9,107.0,desktop,12,105.0,2.0,1.0,2.0
10,109.0,desktop,12,106.0,1.0,2.0,1.0
