,time,event0,event1,event2,event3,event4,event5
0,0.0,desktop,12,0.0,4.0,1.0,4.0
1,4.0,desktop,12,1.0,1.0,2.0,1.0
2,5.0,mobile,12,3.0,2.0,2.0,2.0
3,7.0,desktop,12,5.0,2.0,2.0,2.0
4,9.0,desktop,12,7.0,2.0,1.0,2.0
5,11.0,desktop,12,8.0,159.0,159.0,1.0
6,170.0,mobile,12,167.0,1.0,3.0,1.0
7,171.0,desktop,12,170.0,3.0,1.0,3.0
8,174.0,mobile,12,171.0,1.0,3.0,1.0
9,175.0,desktop,12,174.0,3.0,1.0,3.0
10,178.0,desktop,12,175.0,1.0,2.0,1.0
