,time,event0,event1,event2,event3,event4,event5
0,0.0,desktop,11,0.0,4.0,1.0,4.0
1,4.0,desktop,11,1.0,1.0,1.0,1.0
2,5.0,mobile,11,2.0,1.0,3.0,1.0
3,6.0,mobile,11,5.0,3.0,2.0,3.0
4,9.0,desktop,11,7.0,2.0,1.0,2.0
5,11.0,desktop,11,8.0,1.0,2.0,1.0
6,12.0,desktop,11,10.0,67.0,66.0,2.0
7,79.0,desktop,11,76.0,1.0,2.0,1.0
8,80.0,desktop,11,78.0,2.0,1.0,2.0
9,82.0,desktop,11,79.0,1.0,1.0,1.0
