,time,event0,event1,event2,event3,event4,event5
0,0.0,desktop,11,0.0,3.0,3.0,3.0
1,3.0,desktop,11,3.0,3.0,4.0,3.0
2,6.0,desktop,11,7.0,4.0,2.0,4.0
3,10.0,desktop,11,9.0,2.0,3.0,2.0
4,12.0,desktop,11,12.0,3.0,2.0,3.0
5,15.0,desktop,11,14.0,89.0,89.0,2.0
6,104.0,desktop,11,103.0,2.0,3.0,2.0
7,106.0,desktop,11,106.0,3.0,1.0,3.0
8,109.0,desktop,11,107.0,1.0,2.0,1.0
9,110.0,desktop,11,109.0,2.0,1.0,2.0
