,time,event0,event1,event2,event3,event4,event5
0,0.0,desktop,13,0.0,1.0,4.0,1.0
1,1.0,mobile,13,4.0,4.0,3.0,4.0
2,5.0,desktop,13,7.0,3.0,1.0,3.0
3,8.0,mobile,13,8.0,115.0,118.0,1.0
4,123.0,mobile,13,126.0,4.0,3.0,4.0
5,127.0,tablet,13,129.0,3.0,3.0,3.0
6,130.0,tablet,13,132.0,3.0,4.0,3.0
7,133.0,mobile,13,136.0,4.0,5.0,4.0
8,137.0,mobile,13,141.0,5.0,4.0,5.0
9,142.0,mobile,13,145.0,4.0,3.0,4.0
10,146.0,mobile,13,148.0,3.0,4.0,3.0
11,149.0,mobile,13,152.0,4.0,2.0,4.0
