,time,event0,event1,event2,event3,event4,event5
0,0.0,mobile,12,0.0,1.0,3.0,1.0
1,1.0,desktop,12,3.0,3.0,1.0,3.0
2,4.0,mobile,12,4.0,1.0,1.0,1.0
3,5.0,desktop,12,5.0,10.0,11.0,1.0
4,15.0,mobile,12,16.0,2.0,1.0,2.0
5,17.0,desktop,12,17.0,1.0,2.0,1.0
6,18.0,desktop,12,19.0,2.0,2.0,2.0
7,20.0,mobile,12,21.0,152.0,151.0,2.0
8,172.0,desktop,12,172.0,1.0,1.0,1.0
9,173.0,desktop,12,173.0,1.0,3.0,1.0
10,174.0,desktop,12,176.0,3.0,1.0,3.0
