,time,event0,event1,event2,event3,event4,event5
0,0.0,desktop,11,0.0,3.0,1.0,3.0
1,3.0,mobile,11,1.0,1.0,1.0,1.0
2,4.0,mobile,11,2.0,2.0,2.0,1.0
3,6.0,mobile,11,4.0,157.0,157.0,1.0
4,163.0,mobile,11,161.0,6.0,7.0,1.0
5,169.0,mobile,11,168.0,2.0,2.0,2.0
6,171.0,mobile,11,170.0,2.0,3.0,2.0
7,173.0,mobile,11,173.0,3.0,2.0,3.0
8,176.0,mobile,11,175.0,2.0,2.0,2.0
9,178.0,mobile,11,177.0,2.0,4.0,2.0
