,time,event0,event1,event2,event3,event4,event5
0,0.0,desktop,11,0.0,5.0,4.0,3.0
1,5.0,desktop,11,4.0,7.0,6.0,2.0
2,12.0,desktop,11,10.0,1.0,3.0,1.0
3,13.0,desktop,11,13.0,134.0,134.0,3.0
4,147.0,desktop,11,147.0,3.0,1.0,3.0
5,150.0,desktop,11,148.0,1.0,1.0,1.0
6,151.0,desktop,11,149.0,1.0,2.0,1.0
7,152.0,desktop,11,151.0,2.0,2.0,2.0
8,154.0,desktop,11,153.0,2.0,2.0,2.0
9,156.0,desktop,11,155.0,2.0,2.0,2.0
