,time,event0,event1,event2,event3,event4,event5
0,0.0,desktop,13,0.0,2.0,2.0,2.0
1,2.0,desktop,13,2.0,2.0,3.0,2.0
2,4.0,desktop,13,5.0,3.0,3.0,3.0
3,7.0,desktop,13,8.0,249.0,250.0,3.0
4,256.0,desktop,13,258.0,4.0,2.0,4.0
5,260.0,desktop,13,260.0,2.0,3.0,2.0
6,262.0,desktop,13,263.0,3.0,2.0,3.0
7,265.0,desktop,13,265.0,2.0,1.0,2.0
8,267.0,desktop,13,266.0,1.0,3.0,1.0
9,268.0,desktop,13,269.0,3.0,1.0,3.0
10,271.0,desktop,13,270.0,1.0,3.0,1.0
11,272.0,mobile,13,273.0,3.0,1.0,3.0
