,time,event0,event1,event2,event3,event4,event5
0,0.0,mobile,13,0.0,7.0,1.0,7.0
1,7.0,mobile,13,1.0,1.0,1.0,1.0
2,8.0,mobile,13,2.0,1.0,2.0,1.0
3,9.0,mobile,13,4.0,2.0,1.0,2.0
4,11.0,mobile,13,5.0,1.0,4.0,1.0
5,12.0,mobile,13,9.0,4.0,5.0,4.0
6,16.0,mobile,13,14.0,5.0,2.0,5.0
7,21.0,mobile,13,16.0,2.0,1.0,2.0
8,23.0,mobile,13,17.0,14.0,17.0,1.0
9,37.0,mobile,13,34.0,7.0,5.0,4.0
10,44.0,mobile,13,39.0,2.0,2.0,2.0
11,46.0,mobile,13,41.0,2.0,2.0,2.0
