,time,event0,event1,event2,event3,event4,event5
0,0.0,mobile,13,0.0,3.0,3.0,1.0
1,3.0,mobile,13,3.0,1.0,5.0,1.0
2,4.0,desktop,13,8.0,5.0,1.0,5.0
3,9.0,mobile,13,9.0,98.0,99.0,1.0
4,107.0,mobile,13,108.0,2.0,2.0,2.0
5,109.0,desktop,13,110.0,2.0,2.0,2.0
6,111.0,mobile,13,112.0,2.0,2.0,2.0
7,113.0,desktop,13,114.0,2.0,2.0,2.0
8,115.0,desktop,13,116.0,2.0,1.0,2.0
9,117.0,mobile,13,117.0,1.0,1.0,1.0
10,118.0,mobile,13,118.0,1.0,1.0,1.0
11,119.0,desktop,13,119.0,1.0,1.0,1.0
