,time,event0,event1,event2,event3,event4,event5
0,0.0,mobile,12,0.0,1.0,5.0,1.0
1,1.0,mobile,12,5.0,5.0,2.0,5.0
2,6.0,desktop,12,7.0,2.0,1.0,2.0
3,8.0,mobile,12,8.0,12.0,13.0,1.0
4,20.0,mobile,12,21.0,2.0,2.0,2.0
5,22.0,desktop,12,23.0,2.0,2.0,2.0
6,24.0,mobile,12,25.0,2.0,2.0,2.0
7,26.0,mobile,12,27.0,31.0,31.0,2.0
8,57.0,mobile,12,58.0,2.0,2.0,2.0
9,59.0,mobile,12,60.0,2.0,1.0,2.0
10,61.0,mobile,12,61.0,1.0,1.0,1.0
