,time,event0,event1,event2,event3,event4,event5
0,0.0,mobile,12,0.0,2.0,2.0,2.0
1,2.0,mobile,12,2.0,2.0,2.0,2.0
2,4.0,mobile,12,4.0,2.0,4.0,2.0
3,6.0,mobile,12,8.0,76.0,74.0,4.0
4,82.0,mobile,12,82.0,2.0,3.0,2.0
5,84.0,mobile,12,85.0,3.0,1.0,3.0
6,87.0,mobile,12,86.0,1.0,2.0,1.0
7,88.0,mobile,12,88.0,3.0,4.0,2.0
8,91.0,mobile,12,92.0,3.0,1.0,3.0
9,94.0,mobile,12,93.0,1.0,1.0,1.0
10,95.0,mobile,12,94.0,1.0,2.0,1.0
