,time,event0,event1,event2,event3,event4,event5
0,0.0,desktop,12,0.0,4.0,6.0,4.0
1,4.0,desktop,12,6.0,6.0,5.0,6.0
2,10.0,desktop,12,11.0,5.0,5.0,5.0
3,15.0,desktop,12,16.0,5.0,6.0,5.0
4,20.0,desktop,12,22.0,6.0,3.0,6.0
5,26.0,desktop,12,25.0,3.0,1.0,3.0
6,29.0,desktop,12,26.0,29.0,29.0,1.0
7,58.0,desktop,12,55.0,1.0,5.0,1.0
8,59.0,desktop,12,60.0,5.0,4.0,5.0
9,64.0,desktop,12,64.0,4.0,3.0,4.0
10,68.0,desktop,12,67.0,3.0,2.0,3.0
