,time,event0,event1,event2,event3,event4,event5
0,0.0,tablet,12,0.0,4.0,1.0,4.0
1,4.0,tablet,12,1.0,1.0,1.0,1.0
2,5.0,desktop,12,2.0,1.0,2.0,1.0
3,6.0,desktop,12,4.0,2.0,6.0,2.0
4,8.0,tablet,12,10.0,6.0,1.0,6.0
5,14.0,tablet,12,11.0,1.0,2.0,1.0
6,15.0,tablet,12,13.0,104.0,103.0,2.0
7,119.0,tablet,12,116.0,1.0,1.0,1.0
8,120.0,tablet,12,117.0,1.0,1.0,1.0
9,121.0,mobile,12,118.0,1.0,2.0,1.0
10,122.0,tablet,12,120.0,2.0,1.0,2.0
