,time,event0,event1,event2,event3,event4,event5
0,0.0,mobile,11,0.0,2.0,1.0,2.0
1,2.0,desktop,11,1.0,1.0,4.0,1.0
2,3.0,desktop,11,5.0,4.0,1.0,4.0
3,7.0,mobile,11,6.0,101.0,101.0,1.0
4,108.0,desktop,11,107.0,1.0,1.0,1.0
5,109.0,desktop,11,108.0,1.0,2.0,1.0
6,110.0,desktop,11,110.0,3.0,2.0,2.0
7,113.0,mobile,11,112.0,2.0,2.0,1.0
8,115.0,mobile,11,114.0,5.0,5.0,1.0
9,120.0,mobile,11,119.0,1.0,1.0,1.0
