,time,event0,event1,event2,event3,event4,event5
0,0.0,desktop,13,0.0,1.0,2.0,1.0
1,1.0,desktop,13,2.0,2.0,3.0,2.0
2,3.0,desktop,13,5.0,3.0,2.0,3.0
3,6.0,desktop,13,7.0,63.0,62.0,2.0
4,69.0,desktop,13,69.0,1.0,3.0,1.0
5,70.0,desktop,13,72.0,3.0,1.0,3.0
6,73.0,desktop,13,73.0,1.0,1.0,1.0
7,74.0,desktop,13,74.0,208.0,212.0,1.0
8,282.0,desktop,13,286.0,5.0,2.0,5.0
9,287.0,desktop,13,288.0,2.0,2.0,2.0
10,289.0,desktop,13,290.0,2.0,3.0,2.0
11,291.0,desktop,13,293.0,3.0,1.0,3.0
