,time,event0,event1,event2,event3,event4,event5
0,0.0,desktop,11,0.0,1.0,1.0,1.0
1,1.0,desktop,11,1.0,1.0,1.0,1.0
2,2.0,desktop,11,2.0,1.0,1.0,1.0
3,3.0,desktop,11,3.0,1.0,3.0,1.0
4,4.0,desktop,11,6.0,3.0,4.0,3.0
5,7.0,mobile,11,10.0,20.0,17.0,4.0
6,27.0,mobile,11,27.0,1.0,2.0,1.0
7,28.0,mobile,11,29.0,2.0,1.0,2.0
8,30.0,mobile,11,30.0,1.0,2.0,1.0
9,31.0,mobile,11,32.0,2.0,1.0,2.0
