,time,event0,event1,event2,event3,event4,event5
0,0.0,tablet,11,0.0,3.0,4.0,3.0
1,3.0,tablet,11,4.0,4.0,4.0,4.0
2,7.0,desktop,11,8.0,4.0,2.0,4.0
3,11.0,desktop,11,10.0,2.0,6.0,2.0
4,13.0,desktop,11,16.0,6.0,1.0,6.0
5,19.0,desktop,11,17.0,1.0,7.0,1.0
6,20.0,tablet,11,24.0,10.0,5.0,7.0
7,30.0,desktop,11,29.0,2.0,2.0,2.0
8,32.0,desktop,11,31.0,2.0,6.0,2.0
9,34.0,tablet,11,37.0,6.0,1.0,6.0
