,time,event0,event1,event2,event3,event4,event5
0,0.0,desktop,11,0.0,1.0,4.0,1.0
1,1.0,desktop,11,4.0,4.0,3.0,4.0
2,5.0,desktop,11,7.0,3.0,1.0,3.0
3,8.0,desktop,11,8.0,1.0,1.0,1.0
4,9.0,mobile,11,9.0,1.0,1.0,1.0
5,10.0,mobile,11,10.0,1.0,1.0,1.0
6,11.0,mobile,11,11.0,88.0,88.0,1.0
7,99.0,desktop,11,99.0,1.0,5.0,1.0
8,100.0,desktop,11,104.0,5.0,4.0,5.0
9,105.0,desktop,11,108.0,4.0,1.0,4.0
