,time,event0,event1,event2,event3,event4,event5
0,0.0,desktop,12,0.0,2.0,2.0,2.0
1,2.0,desktop,12,2.0,2.0,2.0,2.0
2,4.0,desktop,12,4.0,2.0,1.0,2.0
3,6.0,desktop,12,5.0,124.0,124.0,1.0
4,130.0,desktop,12,129.0,1.0,3.0,1.0
5,131.0,desktop,12,132.0,3.0,4.0,3.0
6,134.0,desktop,12,136.0,4.0,1.0,4.0
7,138.0,desktop,12,137.0,79.0,80.0,1.0
8,217.0,desktop,12,217.0,2.0,2.0,2.0
9,219.0,mobile,12,219.0,2.0,3.0,2.0
10,221.0,mobile,12,222.0,3.0,3.0,3.0
