,time,event0,event1,event2,event3,event4,event5
0,0.0,desktop,13,0.0,1.0,2.0,1.0
1,1.0,desktop,13,2.0,2.0,3.0,2.0
2,3.0,desktop,13,5.0,3.0,3.0,3.0
3,6.0,desktop,13,8.0,3.0,2.0,3.0
4,9.0,desktop,13,10.0,2.0,2.0,2.0
5,11.0,desktop,13,12.0,2.0,2.0,2.0
6,13.0,desktop,13,14.0,2.0,1.0,2.0
7,15.0,desktop,13,15.0,1.0,2.0,1.0
8,16.0,desktop,13,17.0,72.0,71.0,2.0
9,88.0,desktop,13,88.0,1.0,4.0,1.0
10,89.0,desktop,13,92.0,4.0,4.0,4.0
11,93.0,desktop,13,96.0,4.0,7.0,4.0
