,time,event0,event1,event2,event3,event4,event5
0,0.0,desktop,14,0.0,5.0,3.0,5.0
1,5.0,desktop,14,3.0,3.0,2.0,3.0
2,8.0,desktop,14,5.0,2.0,2.0,2.0
3,10.0,desktop,14,7.0,4.0,3.0,2.0
4,14.0,desktop,14,10.0,1.0,3.0,1.0
5,15.0,desktop,14,13.0,3.0,4.0,3.0
6,18.0,desktop,14,17.0,4.0,3.0,4.0
7,22.0,desktop,14,20.0,3.0,2.0,3.0
8,25.0,desktop,14,22.0,2.0,1.0,2.0
9,27.0,desktop,14,23.0,1.0,1.0,1.0
10,28.0,desktop,14,24.0,1.0,3.0,1.0
11,29.0,desktop,14,27.0,3.0,2.0,3.0
12,32.0,desktop,14,29.0,2.0,2.0,2.0
