,time,event0,event1,event2,event3,event4,event5
0,0.0,desktop,12,0.0,5.0,2.0,5.0
1,5.0,desktop,12,2.0,2.0,2.0,2.0
2,7.0,desktop,12,4.0,2.0,4.0,2.0
3,9.0,desktop,12,8.0,4.0,3.0,4.0
4,13.0,desktop,12,11.0,3.0,3.0,3.0
5,16.0,desktop,12,14.0,215.0,213.0,3.0
6,231.0,desktop,12,227.0,1.0,3.0,1.0
7,232.0,desktop,12,230.0,3.0,3.0,3.0
8,235.0,desktop,12,233.0,3.0,2.0,3.0
9,238.0,desktop,12,235.0,2.0,2.0,2.0
10,240.0,desktop,12,237.0,2.0,1.0,2.0
