,time,event0,event1,event2,event3,event4,event5
0,0.0,desktop,13,0.0,5.0,6.0,1.0
1,5.0,desktop,13,6.0,2.0,1.0,2.0
2,7.0,desktop,13,7.0,2.0,2.0,1.0
3,9.0,desktop,13,9.0,51.0,52.0,1.0
4,60.0,desktop,13,61.0,6.0,6.0,2.0
5,66.0,desktop,13,67.0,2.0,2.0,2.0
6,68.0,desktop,13,69.0,2.0,1.0,2.0
7,70.0,desktop,13,70.0,30.0,30.0,1.0
8,100.0,desktop,13,100.0,4.0,4.0,1.0
9,104.0,desktop,13,104.0,1.0,2.0,1.0
10,105.0,desktop,13,106.0,5.0,4.0,2.0
11,110.0,desktop,13,110.0,1.0,1.0,1.0
