,time,event0,event1,event2,event3,event4,event5
0,0.0,desktop,13,0.0,1.0,1.0,1.0
1,1.0,desktop,13,1.0,1.0,2.0,1.0
2,2.0,desktop,13,3.0,2.0,1.0,2.0
3,4.0,desktop,13,4.0,1.0,1.0,1.0
4,5.0,mobile,13,5.0,52.0,53.0,1.0
5,57.0,desktop,13,58.0,2.0,2.0,2.0
6,59.0,desktop,13,60.0,2.0,2.0,2.0
7,61.0,desktop,13,62.0,2.0,1.0,2.0
8,63.0,desktop,13,63.0,242.0,243.0,1.0
9,305.0,desktop,13,306.0,2.0,3.0,2.0
10,307.0,desktop,13,309.0,3.0,3.0,3.0
11,310.0,desktop,13,312.0,3.0,2.0,3.0
