,time,event0,event1,event2,event3,event4,event5
0,0.0,tablet,13,0.0,3.0,2.0,3.0
1,3.0,tablet,13,2.0,2.0,2.0,2.0
2,5.0,tablet,13,4.0,2.0,1.0,2.0
3,7.0,tablet,13,5.0,217.0,220.0,1.0
4,224.0,mobile,13,225.0,4.0,4.0,4.0
5,228.0,mobile,13,229.0,4.0,4.0,4.0
6,232.0,mobile,13,233.0,4.0,1.0,4.0
7,236.0,tablet,13,234.0,79.0,79.0,1.0
8,315.0,mobile,13,313.0,1.0,1.0,1.0
9,316.0,mobile,13,314.0,1.0,2.0,1.0
10,317.0,mobile,13,316.0,2.0,1.0,2.0
11,319.0,desktop,13,317.0,1.0,1.0,1.0
