,time,event0,event1,event2,event3,event4,event5
0,0.0,mobile,12,0.0,2.0,2.0,2.0
1,2.0,mobile,12,2.0,2.0,3.0,2.0
2,4.0,mobile,12,5.0,3.0,2.0,3.0
3,7.0,mobile,12,7.0,25.0,26.0,2.0
4,32.0,mobile,12,33.0,3.0,6.0,3.0
5,35.0,mobile,12,39.0,6.0,2.0,6.0
6,41.0,mobile,12,41.0,2.0,4.0,2.0
7,43.0,mobile,12,45.0,4.0,2.0,4.0
8,47.0,mobile,12,47.0,2.0,2.0,2.0
9,49.0,mobile,12,49.0,2.0,3.0,2.0
10,51.0,mobile,12,52.0,3.0,4.0,3.0
