,time,event0,event1,event2,event3,event4,event5
0,0.0,tablet,12,0.0,2.0,1.0,2.0
1,2.0,tablet,12,1.0,3.0,4.0,1.0
2,5.0,tablet,12,5.0,2.0,2.0,2.0
3,7.0,tablet,12,7.0,110.0,111.0,2.0
4,117.0,tablet,12,118.0,3.0,3.0,3.0
5,120.0,tablet,12,121.0,3.0,3.0,3.0
6,123.0,tablet,12,124.0,3.0,3.0,3.0
7,126.0,tablet,12,127.0,43.0,42.0,3.0
8,169.0,desktop,12,169.0,2.0,1.0,2.0
9,171.0,desktop,12,170.0,3.0,4.0,1.0
10,174.0,tablet,12,174.0,2.0,3.0,2.0
