,time,event0,event1,event2,event3,event4,event5
0,0.0,desktop,13,0.0,1.0,6.0,1.0
1,1.0,desktop,13,6.0,6.0,1.0,6.0
2,7.0,desktop,13,7.0,1.0,1.0,1.0
3,8.0,desktop,13,8.0,14.0,14.0,1.0
4,22.0,desktop,13,22.0,1.0,4.0,1.0
5,23.0,desktop,13,26.0,4.0,1.0,4.0
6,27.0,desktop,13,27.0,1.0,1.0,1.0
7,28.0,desktop,13,28.0,202.0,202.0,1.0
8,230.0,desktop,13,230.0,1.0,2.0,1.0
9,231.0,desktop,13,232.0,2.0,2.0,2.0
10,233.0,desktop,13,234.0,2.0,1.0,2.0
11,235.0,desktop,13,235.0,1.0,1.0,1.0
