,time,event0,event1,event2,event3,event4,event5
0,0.0,tablet,12,0.0,1.0,1.0,1.0
1,1.0,tablet,12,1.0,1.0,1.0,1.0
2,2.0,tablet,12,2.0,1.0,2.0,1.0
3,3.0,tablet,12,4.0,12.0,12.0,2.0
4,15.0,desktop,12,16.0,2.0,3.0,2.0
5,17.0,desktop,12,19.0,3.0,4.0,3.0
6,20.0,desktop,12,23.0,4.0,3.0,4.0
7,24.0,tablet,12,26.0,68.0,68.0,3.0
8,92.0,desktop,12,94.0,3.0,1.0,3.0
9,95.0,tablet,12,95.0,1.0,2.0,1.0
10,96.0,desktop,12,97.0,2.0,1.0,2.0
