,time,event0,event1,event2,event3,event4,event5
0,0.0,tablet,13,0.0,1.0,1.0,1.0
1,1.0,tablet,13,1.0,1.0,4.0,1.0
2,2.0,tablet,13,5.0,4.0,2.0,4.0
3,6.0,tablet,13,7.0,2.0,3.0,2.0
4,8.0,tablet,13,10.0,3.0,2.0,3.0
5,11.0,tablet,13,12.0,72.0,73.0,2.0
6,83.0,tablet,13,85.0,3.0,4.0,3.0
7,86.0,tablet,13,89.0,4.0,1.0,4.0
8,90.0,tablet,13,90.0,1.0,1.0,1.0
9,91.0,tablet,13,91.0,1.0,4.0,1.0
10,92.0,tablet,13,95.0,4.0,3.0,4.0
11,96.0,tablet,13,98.0,3.0,1.0,3.0
