,time,event0,event1,event2,event3,event4,event5
0,0.0,tablet,11,0.0,1.0,2.0,1.0
1,1.0,tablet,11,2.0,2.0,3.0,2.0
2,3.0,tablet,11,5.0,3.0,4.0,3.0
3,6.0,tablet,11,9.0,4.0,1.0,4.0
4,10.0,mobile,11,10.0,1.0,2.0,1.0
5,11.0,mobile,11,12.0,2.0,4.0,2.0
6,13.0,tablet,11,16.0,80.0,78.0,4.0
7,93.0,mobile,11,94.0,2.0,2.0,2.0
8,95.0,mobile,11,96.0,2.0,1.0,2.0
9,97.0,mobile,11,97.0,1.0,2.0,1.0
