,time,event0,event1,event2,event3,event4,event5
0,0.0,desktop,12,0.0,3.0,2.0,3.0
1,3.0,desktop,12,2.0,2.0,8.0,2.0
2,5.0,desktop,12,10.0,8.0,4.0,8.0
3,13.0,desktop,12,14.0,4.0,2.0,4.0
4,17.0,desktop,12,16.0,2.0,1.0,2.0
5,19.0,desktop,12,17.0,132.0,132.0,1.0
6,151.0,desktop,12,149.0,1.0,2.0,1.0
7,152.0,desktop,12,151.0,2.0,5.0,2.0
8,154.0,desktop,12,156.0,5.0,3.0,5.0
9,159.0,desktop,12,159.0,3.0,11.0,3.0
10,162.0,desktop,12,170.0,11.0,7.0,11.0
