,time,event0,event1,event2,event3,event4,event5
0,0.0,desktop,12,0.0,5.0,4.0,5.0
1,5.0,desktop,12,4.0,4.0,3.0,4.0
2,9.0,desktop,12,7.0,3.0,2.0,3.0
3,12.0,desktop,12,9.0,2.0,1.0,2.0
4,14.0,desktop,12,10.0,1.0,1.0,1.0
5,15.0,desktop,12,11.0,1.0,2.0,1.0
6,16.0,desktop,12,13.0,234.0,233.0,2.0
7,250.0,desktop,12,246.0,1.0,1.0,1.0
8,251.0,desktop,12,247.0,1.0,1.0,1.0
9,252.0,desktop,12,248.0,1.0,1.0,1.0
10,253.0,desktop,12,249.0,1.0,2.0,1.0
