,time,event0,event1,event2,event3,event4,event5
0,0.0,desktop,12,0.0,4.0,3.0,4.0
1,4.0,desktop,12,3.0,3.0,4.0,3.0
2,7.0,desktop,12,7.0,4.0,4.0,4.0
3,11.0,desktop,12,11.0,4.0,1.0,4.0
4,15.0,desktop,12,12.0,85.0,85.0,1.0
5,100.0,desktop,12,97.0,1.0,2.0,1.0
6,101.0,desktop,12,99.0,2.0,3.0,2.0
7,103.0,desktop,12,102.0,3.0,1.0,3.0
8,106.0,desktop,12,103.0,1.0,3.0,1.0
9,107.0,desktop,12,106.0,3.0,1.0,3.0
10,110.0,desktop,12,107.0,1.0,2.0,1.0
