,time,event0,event1,event2,event3,event4,event5
0,0.0,desktop,12,0.0,1.0,3.0,1.0
1,1.0,desktop,12,3.0,3.0,2.0,3.0
2,4.0,desktop,12,5.0,2.0,1.0,2.0
3,6.0,desktop,12,6.0,267.0,267.0,1.0
4,273.0,mobile,12,273.0,1.0,1.0,1.0
5,274.0,desktop,12,274.0,1.0,1.0,1.0
6,275.0,desktop,12,275.0,1.0,1.0,1.0
7,276.0,desktop,12,276.0,1.0,2.0,1.0
8,277.0,desktop,12,278.0,2.0,3.0,2.0
9,279.0,desktop,12,281.0,6.0,6.0,3.0
10,285.0,desktop,12,287.0,3.0,1.0,3.0
