,time,event0,event1,event2,event3,event4,event5
0,0.0,desktop,13,0.0,3.0,1.0,3.0
1,3.0,desktop,13,1.0,1.0,1.0,1.0
2,4.0,mobile,13,2.0,1.0,3.0,1.0
3,5.0,desktop,13,5.0,3.0,1.0,3.0
4,8.0,mobile,13,6.0,1.0,1.0,1.0
5,9.0,mobile,13,7.0,1.0,4.0,1.0
6,10.0,desktop,13,11.0,170.0,169.0,4.0
7,180.0,desktop,13,180.0,3.0,3.0,3.0
8,183.0,desktop,13,183.0,3.0,2.0,3.0
9,186.0,desktop,13,185.0,2.0,2.0,2.0
10,188.0,desktop,13,187.0,2.0,1.0,2.0
11,190.0,desktop,13,188.0,1.0,3.0,1.0
