,time,event0,event1,event2,event3,event4,event5
0,0.0,desktop,13,0.0,4.0,3.0,4.0
1,4.0,desktop,13,3.0,3.0,4.0,3.0
2,7.0,desktop,13,7.0,4.0,2.0,4.0
3,11.0,desktop,13,9.0,2.0,2.0,2.0
4,13.0,desktop,13,11.0,10.0,9.0,2.0
5,23.0,desktop,13,20.0,1.0,1.0,1.0
6,24.0,desktop,13,21.0,1.0,1.0,1.0
7,25.0,desktop,13,22.0,1.0,1.0,1.0
8,26.0,desktop,13,23.0,150.0,153.0,1.0
9,176.0,desktop,13,176.0,4.0,5.0,4.0
10,180.0,desktop,13,181.0,5.0,3.0,5.0
11,185.0,desktop,13,184.0,3.0,2.0,3.0
