,time,event0,event1,event2,event3,event4,event5
0,0.0,tablet,12,0.0,2.0,3.0,2.0
1,2.0,desktop,12,3.0,3.0,3.0,3.0
2,5.0,desktop,12,6.0,3.0,2.0,3.0
3,8.0,tablet,12,8.0,91.0,92.0,2.0
4,99.0,desktop,12,100.0,3.0,5.0,3.0
5,102.0,desktop,12,105.0,5.0,4.0,5.0
6,107.0,desktop,12,109.0,4.0,6.0,4.0
7,111.0,tablet,12,115.0,59.0,57.0,6.0
8,170.0,desktop,12,172.0,4.0,1.0,4.0
9,174.0,desktop,12,173.0,1.0,3.0,1.0
10,175.0,desktop,12,176.0,3.0,5.0,3.0
