,time,event0,event1,event2,event3,event4,event5
0,0.0,desktop,13,0.0,1.0,3.0,1.0
1,1.0,desktop,13,3.0,3.0,2.0,3.0
2,4.0,desktop,13,5.0,2.0,3.0,2.0
3,6.0,desktop,13,8.0,3.0,2.0,3.0
4,9.0,desktop,13,10.0,2.0,4.0,2.0
5,11.0,desktop,13,14.0,52.0,49.0,4.0
6,63.0,desktop,13,63.0,1.0,1.0,1.0
7,64.0,desktop,13,64.0,1.0,1.0,1.0
8,65.0,desktop,13,65.0,1.0,1.0,1.0
9,66.0,desktop,13,66.0,1.0,2.0,1.0
10,67.0,desktop,13,68.0,2.0,1.0,2.0
11,69.0,desktop,13,69.0,1.0,1.0,1.0
