,time,event0,event1,event2,event3,event4,event5
0,0.0,desktop,13,0.0,2.0,4.0,2.0
1,2.0,desktop,13,4.0,4.0,1.0,4.0
2,6.0,mobile,13,5.0,1.0,2.0,1.0
3,7.0,mobile,13,7.0,2.0,2.0,2.0
4,9.0,desktop,13,9.0,215.0,214.0,2.0
5,224.0,desktop,13,223.0,1.0,1.0,1.0
6,225.0,desktop,13,224.0,1.0,3.0,1.0
7,226.0,desktop,13,227.0,3.0,1.0,3.0
8,229.0,mobile,13,228.0,1.0,1.0,1.0
9,230.0,desktop,13,229.0,1.0,1.0,1.0
10,231.0,mobile,13,230.0,1.0,1.0,1.0
11,232.0,desktop,13,231.0,1.0,1.0,1.0
