,time,event0,event1,event2,event3,event4,event5
0,0.0,desktop,12,0.0,2.0,2.0,1.0
1,2.0,desktop,12,2.0,1.0,1.0,1.0
2,3.0,desktop,12,3.0,1.0,1.0,1.0
3,4.0,desktop,12,4.0,41.0,41.0,1.0
4,45.0,desktop,12,45.0,5.0,5.0,1.0
5,50.0,desktop,12,50.0,6.0,7.0,1.0
6,56.0,desktop,12,57.0,2.0,2.0,2.0
7,58.0,desktop,12,59.0,23.0,22.0,2.0
8,81.0,desktop,12,81.0,1.0,1.0,1.0
9,82.0,desktop,12,82.0,2.0,2.0,1.0
10,84.0,desktop,12,84.0,5.0,5.0,1.0
