,time,event0,event1,event2,event3,event4,event5
0,0.0,desktop,12,0.0,3.0,2.0,3.0
1,3.0,desktop,12,2.0,2.0,1.0,2.0
2,5.0,desktop,12,3.0,1.0,1.0,1.0
3,6.0,desktop,12,4.0,34.0,34.0,1.0
4,40.0,desktop,12,38.0,1.0,2.0,1.0
5,41.0,desktop,12,40.0,2.0,2.0,2.0
6,43.0,desktop,12,42.0,2.0,3.0,2.0
7,45.0,desktop,12,45.0,19.0,17.0,3.0
8,64.0,desktop,12,62.0,1.0,2.0,1.0
9,65.0,desktop,12,64.0,2.0,2.0,2.0
10,67.0,desktop,12,66.0,2.0,2.0,2.0
