,time,event0,event1,event2,event3,event4,event5
0,0.0,tablet,12,0.0,3.0,2.0,3.0
1,3.0,tablet,12,2.0,2.0,1.0,2.0
2,5.0,mobile,12,3.0,1.0,3.0,1.0
3,6.0,tablet,12,6.0,88.0,86.0,3.0
4,94.0,mobile,12,92.0,1.0,2.0,1.0
5,95.0,mobile,12,94.0,2.0,1.0,2.0
6,97.0,mobile,12,95.0,1.0,1.0,1.0
7,98.0,mobile,12,96.0,19.0,19.0,1.0
8,117.0,mobile,12,115.0,1.0,1.0,1.0
9,118.0,desktop,12,116.0,1.0,1.0,1.0
10,119.0,mobile,12,117.0,1.0,1.0,1.0
