,time,event0,event1,event2,event3,event4,event5
0,0.0,desktop,11,0.0,1.0,1.0,1.0
1,1.0,desktop,11,1.0,1.0,10.0,1.0
2,2.0,desktop,11,11.0,10.0,1.0,10.0
3,12.0,desktop,11,12.0,1.0,1.0,1.0
4,13.0,desktop,11,13.0,1.0,1.0,1.0
5,14.0,desktop,11,14.0,77.0,77.0,1.0
6,91.0,mobile,11,91.0,1.0,8.0,1.0
7,92.0,desktop,11,99.0,8.0,4.0,8.0
8,100.0,mobile,11,103.0,4.0,1.0,4.0
9,104.0,mobile,11,104.0,1.0,1.0,1.0
