,time,event0,event1,event2,event3,event4,event5
0,0.0,mobile,12,0.0,2.0,1.0,2.0
1,2.0,mobile,12,1.0,1.0,1.0,1.0
2,3.0,mobile,12,2.0,1.0,3.0,1.0
3,4.0,mobile,12,5.0,3.0,2.0,3.0
4,7.0,mobile,12,7.0,2.0,2.0,2.0
5,9.0,mobile,12,9.0,2.0,2.0,2.0
6,11.0,mobile,12,11.0,2.0,5.0,2.0
7,13.0,mobile,12,16.0,5.0,3.0,5.0
8,18.0,mobile,12,19.0,3.0,2.0,3.0
9,21.0,mobile,12,21.0,2.0,4.0,2.0
10,23.0,mobile,12,25.0,4.0,1.0,4.0
