,time,event0,event1,event2,event3,event4,event5
0,0.0,desktop,11,0.0,3.0,4.0,3.0
1,3.0,desktop,11,4.0,4.0,1.0,4.0
2,7.0,desktop,11,5.0,1.0,2.0,1.0
3,8.0,desktop,11,7.0,12.0,11.0,2.0
4,20.0,desktop,11,18.0,1.0,1.0,1.0
5,21.0,desktop,11,19.0,1.0,3.0,1.0
6,22.0,desktop,11,22.0,3.0,2.0,3.0
7,25.0,desktop,11,24.0,2.0,2.0,2.0
8,27.0,desktop,11,26.0,2.0,2.0,2.0
9,29.0,desktop,11,28.0,2.0,2.0,2.0
