,time,event0,event1,event2,event3,event4,event5
0,0.0,desktop,12,0.0,3.0,4.0,3.0
1,3.0,desktop,12,4.0,4.0,1.0,4.0
2,7.0,desktop,12,5.0,1.0,2.0,1.0
3,8.0,desktop,12,7.0,2.0,2.0,2.0
4,10.0,desktop,12,9.0,2.0,1.0,2.0
5,12.0,desktop,12,10.0,137.0,138.0,1.0
6,149.0,desktop,12,148.0,2.0,2.0,2.0
7,151.0,desktop,12,150.0,2.0,2.0,2.0
8,153.0,desktop,12,152.0,2.0,2.0,2.0
9,155.0,desktop,12,154.0,2.0,2.0,2.0
10,157.0,desktop,12,156.0,2.0,1.0,2.0
