,time,event0,event1,event2,event3,event4,event5
0,0.0,desktop,11,0.0,2.0,2.0,2.0
1,2.0,desktop,11,2.0,2.0,1.0,2.0
2,4.0,desktop,11,3.0,1.0,3.0,1.0
3,5.0,desktop,11,6.0,3.0,2.0,3.0
4,8.0,desktop,11,8.0,2.0,2.0,2.0
5,10.0,desktop,11,10.0,2.0,6.0,2.0
6,12.0,desktop,11,16.0,77.0,74.0,6.0
7,89.0,desktop,11,90.0,3.0,1.0,3.0
8,92.0,desktop,11,91.0,1.0,3.0,1.0
9,93.0,desktop,11,94.0,3.0,2.0,3.0
