,time,event0,event1,event2,event3,event4,event5
0,0.0,desktop,13,0.0,6.0,7.0,2.0
1,6.0,mobile,13,7.0,4.0,3.0,3.0
2,10.0,mobile,13,10.0,2.0,1.0,2.0
3,12.0,mobile,13,11.0,1.0,1.0,1.0
4,13.0,tablet,13,12.0,2.0,2.0,1.0
5,15.0,mobile,13,14.0,1.0,2.0,1.0
6,16.0,desktop,13,16.0,6.0,5.0,2.0
7,22.0,mobile,13,21.0,1.0,1.0,1.0
8,23.0,mobile,13,22.0,68.0,69.0,1.0
9,91.0,mobile,13,91.0,2.0,1.0,2.0
10,93.0,mobile,13,92.0,1.0,1.0,1.0
11,94.0,tablet,13,93.0,1.0,1.0,1.0
