,time,event0,event1,event2,event3,event4,event5
0,0.0,mobile,12,0.0,3.0,3.0,3.0
1,3.0,mobile,12,3.0,3.0,2.0,3.0
2,6.0,desktop,12,5.0,2.0,16.0,2.0
3,8.0,mobile,12,21.0,55.0,47.0,16.0
4,63.0,mobile,12,68.0,8.0,1.0,8.0
5,71.0,mobile,12,69.0,1.0,4.0,1.0
6,72.0,mobile,12,73.0,5.0,6.0,4.0
7,77.0,mobile,12,79.0,69.0,67.0,5.0
8,146.0,mobile,12,146.0,3.0,1.0,3.0
9,149.0,desktop,12,147.0,1.0,3.0,1.0
10,150.0,desktop,12,150.0,10.0,11.0,3.0
