,time,event0,event1,event2,event3,event4,event5
0,0.0,desktop,11,0.0,2.0,2.0,2.0
1,2.0,desktop,11,2.0,2.0,2.0,2.0
2,4.0,desktop,11,4.0,2.0,1.0,2.0
3,6.0,desktop,11,5.0,1.0,5.0,1.0
4,7.0,desktop,11,10.0,152.0,150.0,5.0
5,159.0,desktop,11,160.0,3.0,2.0,3.0
6,162.0,desktop,11,162.0,2.0,2.0,2.0
7,164.0,desktop,11,164.0,2.0,3.0,2.0
8,166.0,desktop,11,167.0,3.0,2.0,3.0
9,169.0,desktop,11,169.0,2.0,3.0,2.0
