,time,event0,event1,event2,event3,event4,event5
0,0.0,desktop,12,0.0,2.0,1.0,2.0
1,2.0,desktop,12,1.0,1.0,4.0,1.0
2,3.0,desktop,12,5.0,4.0,1.0,4.0
3,7.0,desktop,12,6.0,25.0,26.0,1.0
4,32.0,desktop,12,32.0,2.0,1.0,2.0
5,34.0,desktop,12,33.0,1.0,2.0,1.0
6,35.0,desktop,12,35.0,2.0,1.0,2.0
7,37.0,desktop,12,36.0,80.0,83.0,1.0
8,117.0,desktop,12,119.0,4.0,1.0,4.0
9,121.0,desktop,12,120.0,1.0,1.0,1.0
10,122.0,desktop,12,121.0,1.0,1.0,1.0
