,time,event0,event1,event2,event3,event4,event5
0,0.0,desktop,12,0.0,4.0,1.0,4.0
1,4.0,desktop,12,1.0,1.0,4.0,1.0
2,5.0,desktop,12,5.0,4.0,2.0,4.0
3,9.0,desktop,12,7.0,2.0,2.0,2.0
4,11.0,desktop,12,9.0,2.0,1.0,2.0
5,13.0,desktop,12,10.0,1.0,4.0,1.0
6,14.0,desktop,12,14.0,11.0,8.0,4.0
7,25.0,desktop,12,22.0,1.0,2.0,1.0
8,26.0,desktop,12,24.0,2.0,1.0,2.0
9,28.0,desktop,12,25.0,1.0,3.0,1.0
10,29.0,desktop,12,28.0,3.0,1.0,3.0
