,time,event0,event1,event2,event3,event4,event5
0,0.0,desktop,12,0.0,1.0,1.0,1.0
1,1.0,desktop,12,1.0,1.0,1.0,1.0
2,2.0,desktop,12,2.0,1.0,2.0,1.0
3,3.0,desktop,12,4.0,2.0,2.0,2.0
4,5.0,desktop,12,6.0,2.0,1.0,2.0
5,7.0,desktop,12,7.0,78.0,79.0,1.0
6,85.0,mobile,12,86.0,2.0,2.0,2.0
7,87.0,desktop,12,88.0,2.0,1.0,2.0
8,89.0,desktop,12,89.0,1.0,4.0,1.0
9,90.0,desktop,12,93.0,4.0,5.0,4.0
10,94.0,desktop,12,98.0,5.0,1.0,5.0
