,time,event0,event1,event2,event3,event4,event5
0,0.0,mobile,11,0.0,2.0,1.0,2.0
1,2.0,mobile,11,1.0,1.0,7.0,1.0
2,3.0,mobile,11,8.0,7.0,7.0,7.0
3,10.0,mobile,11,15.0,7.0,5.0,7.0
4,17.0,mobile,11,20.0,5.0,2.0,5.0
5,22.0,mobile,11,22.0,2.0,7.0,2.0
6,24.0,mobile,11,29.0,109.0,105.0,7.0
7,133.0,mobile,11,134.0,3.0,3.0,3.0
8,136.0,mobile,11,137.0,3.0,3.0,3.0
9,139.0,mobile,11,140.0,3.0,1.0,3.0
