,time,event0,event1,event2,event3,event4,event5
0,0.0,mobile,12,0.0,5.0,1.0,5.0
1,5.0,mobile,12,1.0,1.0,2.0,1.0
2,6.0,mobile,12,3.0,2.0,4.0,2.0
3,8.0,mobile,12,7.0,4.0,1.0,4.0
4,12.0,mobile,12,8.0,135.0,135.0,1.0
5,147.0,mobile,12,143.0,1.0,3.0,1.0
6,148.0,mobile,12,146.0,3.0,2.0,3.0
7,151.0,desktop,12,148.0,2.0,1.0,2.0
8,153.0,mobile,12,149.0,1.0,2.0,1.0
9,154.0,mobile,12,151.0,2.0,1.0,2.0
10,156.0,mobile,12,152.0,1.0,2.0,1.0
