,time,event0,event1,event2,event3,event4,event5
0,0.0,mobile,11,0.0,2.0,2.0,2.0
1,2.0,mobile,11,2.0,3.0,2.0,2.0
2,5.0,mobile,11,4.0,1.0,2.0,1.0
3,6.0,mobile,11,6.0,2.0,2.0,2.0
4,8.0,mobile,11,8.0,2.0,1.0,2.0
5,10.0,mobile,11,9.0,70.0,73.0,1.0
6,80.0,mobile,11,82.0,4.0,1.0,4.0
7,84.0,mobile,11,83.0,1.0,2.0,1.0
8,85.0,mobile,11,85.0,2.0,2.0,2.0
9,87.0,mobile,11,87.0,2.0,2.0,2.0
