,time,event0,event1,event2,event3,event4,event5
0,0.0,desktop,11,0.0,1.0,1.0,1.0
1,1.0,desktop,11,1.0,1.0,4.0,1.0
2,2.0,desktop,11,5.0,4.0,2.0,4.0
3,6.0,desktop,11,7.0,2.0,1.0,2.0
4,8.0,desktop,11,8.0,3.0,3.0,1.0
5,11.0,desktop,11,11.0,1.0,1.0,1.0
6,12.0,desktop,11,12.0,84.0,85.0,1.0
7,96.0,desktop,11,97.0,2.0,1.0,2.0
8,98.0,desktop,11,98.0,1.0,3.0,1.0
9,99.0,desktop,11,101.0,3.0,1.0,3.0
