,time,event0,event1,event2,event3,event4,event5
0,0.0,desktop,11,0.0,1.0,1.0,1.0
1,1.0,desktop,11,1.0,1.0,1.0,1.0
2,2.0,desktop,11,2.0,1.0,1.0,1.0
3,3.0,desktop,11,3.0,1.0,1.0,1.0
4,4.0,desktop,11,4.0,147.0,149.0,1.0
5,151.0,desktop,11,153.0,3.0,2.0,3.0
6,154.0,desktop,11,155.0,2.0,2.0,2.0
7,156.0,desktop,11,157.0,2.0,4.0,2.0
8,158.0,desktop,11,161.0,4.0,2.0,4.0
9,162.0,desktop,11,163.0,2.0,1.0,2.0
