,time,event0,event1,event2,event3,event4,event5
0,0.0,desktop,12,0.0,6.0,2.0,6.0
1,6.0,desktop,12,2.0,2.0,2.0,2.0
2,8.0,desktop,12,4.0,2.0,4.0,2.0
3,10.0,desktop,12,8.0,4.0,3.0,4.0
4,14.0,mobile,12,11.0,3.0,4.0,3.0
5,17.0,desktop,12,15.0,4.0,2.0,4.0
6,21.0,desktop,12,17.0,3.0,4.0,2.0
7,24.0,desktop,12,21.0,3.0,3.0,3.0
8,27.0,desktop,12,24.0,3.0,6.0,3.0
9,30.0,desktop,12,30.0,6.0,1.0,6.0
10,36.0,desktop,12,31.0,1.0,1.0,1.0
