,time,event0,event1,event2,event3,event4,event5
0,0.0,tablet,13,0.0,2.0,3.0,2.0
1,2.0,tablet,13,3.0,3.0,2.0,3.0
2,5.0,tablet,13,5.0,2.0,1.0,2.0
3,7.0,mobile,13,6.0,1.0,1.0,1.0
4,8.0,mobile,13,7.0,32.0,34.0,1.0
5,40.0,tablet,13,41.0,3.0,2.0,3.0
6,43.0,mobile,13,43.0,4.0,4.0,2.0
7,47.0,mobile,13,47.0,2.0,2.0,2.0
8,49.0,mobile,13,49.0,208.0,208.0,2.0
9,257.0,desktop,13,257.0,2.0,1.0,2.0
10,259.0,mobile,13,258.0,1.0,1.0,1.0
11,260.0,mobile,13,259.0,1.0,1.0,1.0
