,time,event0,event1,event2,event3,event4,event5
0,0.0,desktop,11,0.0,5.0,6.0,5.0
1,5.0,desktop,11,6.0,6.0,1.0,6.0
2,11.0,desktop,11,7.0,1.0,6.0,1.0
3,12.0,desktop,11,13.0,6.0,2.0,6.0
4,18.0,desktop,11,15.0,2.0,6.0,2.0
5,20.0,desktop,11,21.0,6.0,2.0,6.0
6,26.0,desktop,11,23.0,7.0,8.0,2.0
7,33.0,desktop,11,31.0,3.0,11.0,3.0
8,36.0,desktop,11,42.0,11.0,4.0,11.0
9,47.0,desktop,11,46.0,4.0,1.0,4.0
