,time,event0,event1,event2,event3,event4,event5
0,0.0,desktop,12,0.0,2.0,5.0,2.0
1,2.0,desktop,12,5.0,5.0,4.0,5.0
2,7.0,desktop,12,9.0,4.0,2.0,4.0
3,11.0,desktop,12,11.0,26.0,27.0,2.0
4,37.0,desktop,12,38.0,4.0,2.0,3.0
5,41.0,desktop,12,40.0,1.0,1.0,1.0
6,42.0,desktop,12,41.0,1.0,2.0,1.0
7,43.0,desktop,12,43.0,2.0,3.0,2.0
8,45.0,desktop,12,46.0,3.0,2.0,3.0
9,48.0,desktop,12,48.0,2.0,1.0,2.0
10,50.0,desktop,12,49.0,1.0,1.0,1.0
