,time,event0,event1,event2,event3,event4,event5
0,0.0,mobile,14,0.0,4.0,5.0,4.0
1,4.0,desktop,14,5.0,5.0,2.0,5.0
2,9.0,desktop,14,7.0,2.0,1.0,2.0
3,11.0,desktop,14,8.0,1.0,3.0,1.0
4,12.0,desktop,14,11.0,3.0,1.0,3.0
5,15.0,desktop,14,12.0,1.0,1.0,1.0
6,16.0,mobile,14,13.0,1.0,1.0,1.0
7,17.0,mobile,14,14.0,1.0,1.0,1.0
8,18.0,mobile,14,15.0,1.0,1.0,1.0
9,19.0,mobile,14,16.0,1.0,2.0,1.0
10,20.0,mobile,14,18.0,2.0,1.0,2.0
11,22.0,mobile,14,19.0,1.0,1.0,1.0
12,23.0,mobile,14,20.0,1.0,4.0,1.0
