,time,event0,event1,event2,event3,event4,event5
0,0.0,desktop,13,0.0,1.0,3.0,1.0
1,1.0,tablet,13,3.0,3.0,2.0,3.0
2,4.0,desktop,13,5.0,2.0,2.0,2.0
3,6.0,tablet,13,7.0,2.0,5.0,2.0
4,8.0,desktop,13,12.0,5.0,1.0,5.0
5,13.0,tablet,13,13.0,1.0,4.0,1.0
6,14.0,tablet,13,17.0,4.0,1.0,4.0
7,18.0,tablet,13,18.0,1.0,3.0,1.0
8,19.0,tablet,13,21.0,3.0,3.0,3.0
9,22.0,tablet,13,24.0,3.0,1.0,3.0
10,25.0,tablet,13,25.0,1.0,3.0,1.0
11,26.0,tablet,13,28.0,3.0,1.0,3.0
