,time,event0,event1,event2,event3,event4,event5
0,0.0,desktop,12,0.0,1.0,2.0,1.0
1,1.0,desktop,12,2.0,2.0,6.0,2.0
2,3.0,desktop,12,8.0,6.0,1.0,6.0
3,9.0,desktop,12,9.0,88.0,90.0,1.0
4,97.0,desktop,12,99.0,3.0,4.0,3.0
5,100.0,desktop,12,103.0,4.0,6.0,4.0
6,104.0,desktop,12,109.0,6.0,6.0,6.0
7,110.0,desktop,12,115.0,53.0,49.0,6.0
8,163.0,desktop,12,164.0,2.0,7.0,2.0
9,165.0,desktop,12,171.0,7.0,2.0,7.0
10,172.0,desktop,12,173.0,2.0,2.0,2.0
