,time,event0,event1,event2,event3,event4,event5
0,0.0,desktop,13,0.0,3.0,1.0,3.0
1,3.0,desktop,13,1.0,1.0,1.0,1.0
2,4.0,desktop,13,2.0,1.0,2.0,1.0
3,5.0,desktop,13,4.0,2.0,2.0,2.0
4,7.0,desktop,13,6.0,2.0,1.0,2.0
5,9.0,desktop,13,7.0,159.0,161.0,1.0
6,168.0,desktop,13,168.0,3.0,1.0,3.0
7,171.0,desktop,13,169.0,1.0,3.0,1.0
8,172.0,desktop,13,172.0,3.0,2.0,3.0
9,175.0,desktop,13,174.0,2.0,2.0,2.0
10,177.0,desktop,13,176.0,2.0,4.0,2.0
11,179.0,desktop,13,180.0,4.0,1.0,4.0
