,time,event0,event1,event2,event3,event4,event5
0,0.0,mobile,14,0.0,4.0,3.0,4.0
1,4.0,mobile,14,3.0,3.0,3.0,3.0
2,7.0,mobile,14,6.0,7.0,5.0,3.0
3,14.0,mobile,14,11.0,1.0,2.0,1.0
4,15.0,mobile,14,13.0,2.0,2.0,2.0
5,17.0,mobile,14,15.0,2.0,4.0,2.0
6,19.0,mobile,14,19.0,80.0,80.0,4.0
7,99.0,mobile,14,99.0,7.0,6.0,4.0
8,106.0,mobile,14,105.0,3.0,5.0,3.0
9,109.0,mobile,14,110.0,5.0,3.0,5.0
10,114.0,mobile,14,113.0,3.0,2.0,3.0
11,117.0,mobile,14,115.0,2.0,2.0,2.0
12,119.0,mobile,14,117.0,2.0,2.0,2.0
