,time,event0,event1,event2,event3,event4,event5
0,0.0,desktop,13,0.0,1.0,1.0,1.0
1,1.0,tablet,13,1.0,1.0,2.0,1.0
2,2.0,desktop,13,3.0,2.0,1.0,2.0
3,4.0,desktop,13,4.0,1.0,1.0,1.0
4,5.0,desktop,13,5.0,48.0,48.0,1.0
5,53.0,desktop,13,53.0,1.0,5.0,1.0
6,54.0,desktop,13,58.0,5.0,1.0,5.0
7,59.0,tablet,13,59.0,1.0,1.0,1.0
8,60.0,tablet,13,60.0,116.0,116.0,1.0
9,176.0,tablet,13,176.0,1.0,1.0,1.0
10,177.0,tablet,13,177.0,1.0,2.0,1.0
11,178.0,tablet,13,179.0,2.0,3.0,2.0
