,time,event0,event1,event2,event3,event4,event5
0,0.0,tablet,13,0.0,2.0,1.0,2.0
1,2.0,tablet,13,1.0,1.0,1.0,1.0
2,3.0,tablet,13,2.0,1.0,1.0,1.0
3,4.0,tablet,13,3.0,1.0,1.0,1.0
4,5.0,mobile,13,4.0,31.0,32.0,1.0
5,36.0,mobile,13,36.0,2.0,1.0,2.0
6,38.0,tablet,13,37.0,1.0,3.0,1.0
7,39.0,tablet,13,40.0,3.0,1.0,3.0
8,42.0,tablet,13,41.0,1.0,1.0,1.0
9,43.0,tablet,13,42.0,1.0,5.0,1.0
10,44.0,desktop,13,47.0,5.0,2.0,5.0
11,49.0,tablet,13,49.0,2.0,1.0,2.0
