,time,event0,event1,event2,event3,event4,event5
0,0.0,desktop,11,0.0,6.0,2.0,6.0
1,6.0,desktop,11,2.0,2.0,5.0,2.0
2,8.0,desktop,11,7.0,5.0,3.0,5.0
3,13.0,desktop,11,10.0,3.0,2.0,3.0
4,16.0,desktop,11,12.0,2.0,3.0,2.0
5,18.0,desktop,11,15.0,13.0,13.0,3.0
6,31.0,desktop,11,28.0,3.0,5.0,3.0
7,34.0,desktop,11,33.0,5.0,3.0,5.0
8,39.0,desktop,11,36.0,3.0,3.0,3.0
9,42.0,desktop,11,39.0,3.0,4.0,3.0
