,time,event0,event1,event2,event3,event4,event5
0,0.0,desktop,12,0.0,4.0,1.0,4.0
1,4.0,desktop,12,1.0,1.0,1.0,1.0
2,5.0,desktop,12,2.0,1.0,1.0,1.0
3,6.0,desktop,12,3.0,1.0,4.0,1.0
4,7.0,desktop,12,7.0,4.0,2.0,4.0
5,11.0,desktop,12,9.0,2.0,4.0,2.0
6,13.0,desktop,12,13.0,4.0,1.0,4.0
7,17.0,desktop,12,14.0,5.0,6.0,1.0
8,22.0,desktop,12,20.0,2.0,8.0,2.0
9,24.0,desktop,12,28.0,8.0,2.0,8.0
10,32.0,desktop,12,30.0,2.0,1.0,2.0
