,time,event0,event1,event2,event3,event4,event5
0,0.0,tablet,12,0.0,3.0,3.0,3.0
1,3.0,tablet,12,3.0,3.0,1.0,3.0
2,6.0,mobile,12,4.0,1.0,8.0,1.0
3,7.0,tablet,12,12.0,109.0,103.0,8.0
4,116.0,tablet,12,115.0,2.0,2.0,2.0
5,118.0,tablet,12,117.0,2.0,1.0,2.0
6,120.0,tablet,12,118.0,1.0,2.0,1.0
7,121.0,tablet,12,120.0,153.0,160.0,2.0
8,274.0,desktop,12,280.0,9.0,4.0,9.0
9,283.0,desktop,12,284.0,4.0,6.0,4.0
10,287.0,desktop,12,290.0,6.0,1.0,6.0
