,time,event0,event1,event2,event3,event4,event5
0,0.0,desktop,11,0.0,5.0,2.0,5.0
1,5.0,mobile,11,2.0,2.0,2.0,2.0
2,7.0,desktop,11,4.0,2.0,1.0,2.0
3,9.0,desktop,11,5.0,155.0,155.0,1.0
4,164.0,desktop,11,160.0,1.0,1.0,1.0
5,165.0,desktop,11,161.0,1.0,4.0,1.0
6,166.0,desktop,11,165.0,4.0,4.0,4.0
7,170.0,desktop,11,169.0,4.0,1.0,4.0
8,174.0,desktop,11,170.0,1.0,1.0,1.0
9,175.0,desktop,11,171.0,1.0,1.0,1.0
