,time,event0,event1,event2,event3,event4,event5
0,0.0,desktop,12,0.0,4.0,5.0,1.0
1,4.0,desktop,12,5.0,4.0,3.0,2.0
2,8.0,desktop,12,8.0,1.0,2.0,1.0
3,9.0,mobile,12,10.0,2.0,2.0,2.0
4,11.0,mobile,12,12.0,2.0,3.0,2.0
5,13.0,mobile,12,15.0,4.0,4.0,3.0
6,17.0,desktop,12,19.0,3.0,2.0,3.0
7,20.0,desktop,12,21.0,2.0,1.0,2.0
8,22.0,desktop,12,22.0,1.0,2.0,1.0
9,23.0,mobile,12,24.0,2.0,3.0,2.0
10,25.0,desktop,12,27.0,3.0,2.0,3.0
