,time,event0,event1,event2,event3,event4,event5
0,0.0,desktop,12,0.0,4.0,1.0,4.0
1,4.0,desktop,12,1.0,1.0,2.0,1.0
2,5.0,desktop,12,3.0,2.0,1.0,2.0
3,7.0,desktop,12,4.0,204.0,204.0,1.0
4,211.0,desktop,12,208.0,1.0,1.0,1.0
5,212.0,desktop,12,209.0,1.0,2.0,1.0
6,213.0,desktop,12,211.0,2.0,2.0,2.0
7,215.0,desktop,12,213.0,2.0,4.0,2.0
8,217.0,desktop,12,217.0,4.0,2.0,4.0
9,221.0,desktop,12,219.0,2.0,3.0,2.0
10,223.0,desktop,12,222.0,3.0,4.0,3.0
