,time,event0,event1,event2,event3,event4,event5
0,0.0,desktop,11,0.0,1.0,2.0,1.0
1,1.0,desktop,11,2.0,2.0,2.0,2.0
2,3.0,desktop,11,4.0,2.0,3.0,2.0
3,5.0,desktop,11,7.0,142.0,141.0,3.0
4,147.0,desktop,11,148.0,2.0,2.0,2.0
5,149.0,desktop,11,150.0,2.0,1.0,2.0
6,151.0,desktop,11,151.0,1.0,4.0,1.0
7,152.0,desktop,11,155.0,4.0,2.0,4.0
8,156.0,desktop,11,157.0,2.0,2.0,2.0
9,158.0,desktop,11,159.0,2.0,2.0,2.0
