,time,event0,event1,event2,event3,event4,event5
0,0.0,mobile,14,0.0,2.0,3.0,2.0
1,2.0,mobile,14,3.0,3.0,1.0,3.0
2,5.0,mobile,14,4.0,1.0,1.0,1.0
3,6.0,mobile,14,5.0,1.0,2.0,1.0
4,7.0,mobile,14,7.0,2.0,3.0,2.0
5,9.0,mobile,14,10.0,58.0,59.0,3.0
6,67.0,mobile,14,69.0,4.0,2.0,4.0
7,71.0,mobile,14,71.0,2.0,1.0,2.0
8,73.0,mobile,14,72.0,1.0,1.0,1.0
9,74.0,mobile,14,73.0,105.0,105.0,1.0
10,179.0,mobile,14,178.0,1.0,4.0,1.0
11,180.0,mobile,14,182.0,4.0,1.0,4.0
12,184.0,mobile,14,183.0,1.0,2.0,1.0
