,time,event0,event1,event2,event3,event4,event5
0,0.0,desktop,13,0.0,1.0,1.0,1.0
1,1.0,desktop,13,1.0,1.0,5.0,1.0
2,2.0,desktop,13,6.0,5.0,1.0,5.0
3,7.0,desktop,13,7.0,22.0,25.0,1.0
4,29.0,desktop,13,32.0,4.0,7.0,4.0
5,33.0,desktop,13,39.0,7.0,3.0,7.0
6,40.0,desktop,13,42.0,3.0,3.0,3.0
7,43.0,desktop,13,45.0,3.0,8.0,3.0
8,46.0,desktop,13,53.0,36.0,33.0,8.0
9,82.0,desktop,13,86.0,5.0,4.0,5.0
10,87.0,desktop,13,90.0,4.0,4.0,4.0
11,91.0,desktop,13,94.0,4.0,5.0,4.0
