,time,event0,event1,event2,event3,event4,event5
0,0.0,desktop,11,0.0,4.0,5.0,4.0
1,4.0,desktop,11,5.0,5.0,4.0,5.0
2,9.0,desktop,11,9.0,4.0,3.0,4.0
3,13.0,desktop,11,12.0,3.0,1.0,3.0
4,16.0,desktop,11,13.0,1.0,2.0,1.0
5,17.0,desktop,11,15.0,2.0,4.0,2.0
6,19.0,desktop,11,19.0,4.0,1.0,4.0
7,23.0,tablet,11,20.0,1.0,1.0,1.0
8,24.0,desktop,11,21.0,1.0,1.0,1.0
9,25.0,desktop,11,22.0,1.0,2.0,1.0
