,time,event0,event1,event2,event3,event4,event5
0,0.0,desktop,12,0.0,1.0,1.0,1.0
1,1.0,desktop,12,1.0,1.0,2.0,1.0
2,2.0,desktop,12,3.0,2.0,1.0,2.0
3,4.0,desktop,12,4.0,1.0,2.0,1.0
4,5.0,desktop,12,6.0,2.0,1.0,2.0
5,7.0,desktop,12,7.0,104.0,104.0,1.0
6,111.0,mobile,12,111.0,1.0,2.0,1.0
7,112.0,mobile,12,113.0,2.0,3.0,2.0
8,114.0,mobile,12,116.0,3.0,5.0,3.0
9,117.0,desktop,12,121.0,5.0,3.0,5.0
10,122.0,mobile,12,124.0,3.0,1.0,3.0
