,time,event0,event1,event2,event3,event4,event5
0,0.0,desktop,12,0.0,2.0,6.0,2.0
1,2.0,desktop,12,6.0,6.0,1.0,6.0
2,8.0,desktop,12,7.0,1.0,1.0,1.0
3,9.0,desktop,12,8.0,1.0,4.0,1.0
4,10.0,desktop,12,12.0,4.0,3.0,4.0
5,14.0,desktop,12,15.0,3.0,4.0,3.0
6,17.0,desktop,12,19.0,183.0,183.0,4.0
7,200.0,desktop,12,202.0,4.0,1.0,4.0
8,204.0,desktop,12,203.0,1.0,5.0,1.0
9,205.0,desktop,12,208.0,5.0,4.0,5.0
10,210.0,desktop,12,212.0,4.0,3.0,4.0
