,time,event0,event1,event2,event3,event4,event5
0,0.0,desktop,13,0.0,1.0,2.0,1.0
1,1.0,desktop,13,2.0,2.0,3.0,2.0
2,3.0,desktop,13,5.0,3.0,1.0,3.0
3,6.0,desktop,13,6.0,89.0,89.0,1.0
4,95.0,desktop,13,95.0,1.0,2.0,1.0
5,96.0,desktop,13,97.0,2.0,2.0,2.0
6,98.0,mobile,13,99.0,2.0,2.0,2.0
7,100.0,desktop,13,101.0,2.0,2.0,2.0
8,102.0,desktop,13,103.0,50.0,49.0,2.0
9,152.0,desktop,13,152.0,1.0,2.0,1.0
10,153.0,desktop,13,154.0,2.0,2.0,2.0
11,155.0,desktop,13,156.0,2.0,1.0,2.0
