,time,event0,event1,event2,event3,event4,event5
0,0.0,desktop,12,0.0,1.0,3.0,1.0
1,1.0,desktop,12,3.0,3.0,1.0,3.0
2,4.0,mobile,12,4.0,1.0,1.0,1.0
3,5.0,desktop,12,5.0,18.0,18.0,1.0
4,23.0,desktop,12,23.0,1.0,1.0,1.0
5,24.0,mobile,12,24.0,1.0,1.0,1.0
6,25.0,tablet,12,25.0,1.0,1.0,1.0
7,26.0,mobile,12,26.0,78.0,79.0,1.0
8,104.0,mobile,12,105.0,2.0,1.0,2.0
9,106.0,mobile,12,106.0,1.0,3.0,1.0
10,107.0,mobile,12,109.0,3.0,3.0,3.0
