,time,event0,event1,event2,event3,event4,event5
0,0.0,desktop,13,0.0,2.0,2.0,2.0
1,2.0,desktop,13,2.0,2.0,1.0,2.0
2,4.0,desktop,13,3.0,1.0,2.0,1.0
3,5.0,desktop,13,5.0,2.0,1.0,2.0
4,7.0,desktop,13,6.0,1.0,2.0,1.0
5,8.0,desktop,13,8.0,168.0,167.0,2.0
6,176.0,desktop,13,175.0,1.0,3.0,1.0
7,177.0,desktop,13,178.0,3.0,2.0,3.0
8,180.0,desktop,13,180.0,2.0,4.0,2.0
9,182.0,desktop,13,184.0,4.0,2.0,4.0
10,186.0,desktop,13,186.0,2.0,1.0,2.0
11,188.0,desktop,13,187.0,1.0,1.0,1.0
