,time,event0,event1,event2,event3,event4,event5
0,0.0,desktop,13,0.0,3.0,2.0,3.0
1,3.0,desktop,13,2.0,2.0,2.0,2.0
2,5.0,desktop,13,4.0,2.0,1.0,2.0
3,7.0,desktop,13,5.0,126.0,126.0,1.0
4,133.0,desktop,13,131.0,1.0,6.0,1.0
5,134.0,desktop,13,137.0,6.0,2.0,6.0
6,140.0,desktop,13,139.0,2.0,2.0,2.0
7,142.0,desktop,13,141.0,3.0,2.0,2.0
8,145.0,mobile,13,143.0,1.0,2.0,1.0
9,146.0,desktop,13,145.0,2.0,1.0,2.0
10,148.0,desktop,13,146.0,1.0,2.0,1.0
11,149.0,desktop,13,148.0,2.0,4.0,2.0
