,time,event0,event1,event2,event3,event4,event5
0,0.0,desktop,13,0.0,1.0,1.0,1.0
1,1.0,desktop,13,1.0,1.0,1.0,1.0
2,2.0,desktop,13,2.0,1.0,1.0,1.0
3,3.0,desktop,13,3.0,1.0,1.0,1.0
4,4.0,desktop,13,4.0,184.0,184.0,1.0
5,188.0,desktop,13,188.0,1.0,3.0,1.0
6,189.0,desktop,13,191.0,3.0,1.0,3.0
7,192.0,desktop,13,192.0,1.0,1.0,1.0
8,193.0,desktop,13,193.0,52.0,52.0,1.0
9,245.0,desktop,13,245.0,1.0,1.0,1.0
10,246.0,desktop,13,246.0,1.0,4.0,1.0
11,247.0,desktop,13,250.0,4.0,1.0,4.0
