,time,event0,event1,event2,event3,event4,event5
0,0.0,tablet,11,0.0,2.0,1.0,2.0
1,2.0,tablet,11,1.0,1.0,1.0,1.0
2,3.0,tablet,11,2.0,1.0,2.0,1.0
3,4.0,desktop,11,4.0,123.0,123.0,2.0
4,127.0,desktop,11,127.0,2.0,4.0,2.0
5,129.0,desktop,11,131.0,4.0,3.0,4.0
6,133.0,desktop,11,134.0,3.0,9.0,3.0
7,136.0,desktop,11,143.0,9.0,14.0,9.0
8,145.0,desktop,11,157.0,14.0,5.0,14.0
9,159.0,desktop,11,162.0,5.0,6.0,5.0
