,time,event0,event1,event2,event3,event4,event5
0,0.0,desktop,13,0.0,2.0,3.0,2.0
1,2.0,desktop,13,3.0,3.0,4.0,3.0
2,5.0,desktop,13,7.0,4.0,3.0,4.0
3,9.0,desktop,13,10.0,7.0,7.0,3.0
4,16.0,mobile,13,17.0,3.0,5.0,3.0
5,19.0,desktop,13,22.0,5.0,4.0,5.0
6,24.0,desktop,13,26.0,4.0,3.0,4.0
7,28.0,mobile,13,29.0,3.0,5.0,3.0
8,31.0,desktop,13,34.0,5.0,4.0,5.0
9,36.0,desktop,13,38.0,4.0,4.0,4.0
10,40.0,desktop,13,42.0,4.0,3.0,4.0
11,44.0,desktop,13,45.0,3.0,2.0,3.0
