,time,event0,event1,event2,event3,event4,event5
0,0.0,mobile,12,0.0,3.0,4.0,3.0
1,3.0,desktop,12,4.0,4.0,2.0,4.0
2,7.0,desktop,12,6.0,2.0,3.0,2.0
3,9.0,mobile,12,9.0,140.0,138.0,3.0
4,149.0,mobile,12,147.0,1.0,2.0,1.0
5,150.0,mobile,12,149.0,2.0,2.0,2.0
6,152.0,mobile,12,151.0,2.0,1.0,2.0
7,154.0,mobile,12,152.0,1.0,1.0,1.0
8,155.0,mobile,12,153.0,1.0,1.0,1.0
9,156.0,mobile,12,154.0,1.0,1.0,1.0
10,157.0,mobile,12,155.0,1.0,2.0,1.0
