,time,event0,event1,event2,event3,event4,event5
0,0.0,desktop,12,0.0,2.0,2.0,2.0
1,2.0,desktop,12,2.0,2.0,1.0,2.0
2,4.0,desktop,12,3.0,1.0,3.0,1.0
3,5.0,desktop,12,6.0,148.0,146.0,3.0
4,153.0,desktop,12,152.0,1.0,1.0,1.0
5,154.0,desktop,12,153.0,1.0,1.0,1.0
6,155.0,desktop,12,154.0,1.0,1.0,1.0
7,156.0,desktop,12,155.0,1.0,2.0,1.0
8,157.0,desktop,12,157.0,2.0,2.0,2.0
9,159.0,desktop,12,159.0,2.0,6.0,2.0
10,161.0,desktop,12,165.0,6.0,1.0,6.0
