,time,event0,event1,event2,event3,event4,event5
0,0.0,mobile,11,0.0,2.0,2.0,2.0
1,2.0,mobile,11,2.0,2.0,1.0,2.0
2,4.0,mobile,11,3.0,1.0,2.0,1.0
3,5.0,mobile,11,5.0,26.0,25.0,2.0
4,31.0,desktop,11,30.0,1.0,4.0,1.0
5,32.0,desktop,11,34.0,4.0,1.0,4.0
6,36.0,mobile,11,35.0,1.0,7.0,1.0
7,37.0,desktop,11,42.0,7.0,1.0,7.0
8,44.0,mobile,11,43.0,1.0,2.0,1.0
9,45.0,mobile,11,45.0,2.0,3.0,2.0
