,time,event0,event1,event2,event3,event4,event5
0,0.0,desktop,12,0.0,1.0,2.0,1.0
1,1.0,desktop,12,2.0,2.0,2.0,2.0
2,3.0,desktop,12,4.0,2.0,4.0,2.0
3,5.0,desktop,12,8.0,4.0,2.0,4.0
4,9.0,desktop,12,10.0,2.0,3.0,2.0
5,11.0,desktop,12,13.0,3.0,1.0,3.0
6,14.0,desktop,12,14.0,1.0,5.0,1.0
7,15.0,desktop,12,19.0,5.0,4.0,5.0
8,20.0,desktop,12,23.0,4.0,2.0,4.0
9,24.0,desktop,12,25.0,2.0,1.0,2.0
10,26.0,desktop,12,26.0,1.0,1.0,1.0
