,time,event0,event1,event2,event3,event4,event5
0,0.0,desktop,12,0.0,1.0,1.0,1.0
1,1.0,desktop,12,1.0,1.0,1.0,1.0
2,2.0,desktop,12,2.0,1.0,3.0,1.0
3,3.0,desktop,12,5.0,22.0,20.0,3.0
4,25.0,desktop,12,25.0,1.0,2.0,1.0
5,26.0,desktop,12,27.0,2.0,2.0,2.0
6,28.0,desktop,12,29.0,2.0,2.0,2.0
7,30.0,desktop,12,31.0,155.0,154.0,2.0
8,185.0,desktop,12,185.0,1.0,3.0,1.0
9,186.0,desktop,12,188.0,3.0,1.0,3.0
10,189.0,desktop,12,189.0,1.0,2.0,1.0
