,time,event0,event1,event2,event3,event4,event5
0,0.0,desktop,13,0.0,14.0,12.0,4.0
1,14.0,mobile,13,12.0,2.0,1.0,2.0
2,16.0,mobile,13,13.0,1.0,4.0,1.0
3,17.0,mobile,13,17.0,208.0,214.0,4.0
4,225.0,mobile,13,231.0,10.0,1.0,10.0
5,235.0,mobile,13,232.0,1.0,1.0,1.0
6,236.0,mobile,13,233.0,1.0,1.0,1.0
7,237.0,mobile,13,234.0,1.0,1.0,1.0
8,238.0,mobile,13,235.0,1.0,1.0,1.0
9,239.0,mobile,13,236.0,1.0,1.0,1.0
10,240.0,mobile,13,237.0,1.0,1.0,1.0
11,241.0,mobile,13,238.0,1.0,6.0,1.0
