,time,event0,event1,event2,event3,event4,event5
0,0.0,desktop,11,0.0,1.0,4.0,1.0
1,1.0,desktop,11,4.0,4.0,2.0,4.0
2,5.0,desktop,11,6.0,2.0,3.0,2.0
3,7.0,desktop,11,9.0,3.0,3.0,3.0
4,10.0,desktop,11,12.0,86.0,84.0,3.0
5,96.0,desktop,11,96.0,1.0,1.0,1.0
6,97.0,mobile,11,97.0,1.0,1.0,1.0
7,98.0,mobile,11,98.0,1.0,1.0,1.0
8,99.0,mobile,11,99.0,1.0,1.0,1.0
9,100.0,mobile,11,100.0,1.0,2.0,1.0
