,time,event0,event1,event2,event3,event4,event5
0,0.0,desktop,12,0.0,2.0,1.0,2.0
1,2.0,desktop,12,1.0,1.0,4.0,1.0
2,3.0,desktop,12,5.0,4.0,2.0,4.0
3,7.0,desktop,12,7.0,2.0,3.0,2.0
4,9.0,desktop,12,10.0,325.0,327.0,3.0
5,334.0,desktop,12,337.0,5.0,1.0,5.0
6,339.0,desktop,12,338.0,1.0,2.0,1.0
7,340.0,desktop,12,340.0,2.0,1.0,2.0
8,342.0,desktop,12,341.0,1.0,1.0,1.0
9,343.0,desktop,12,342.0,1.0,2.0,1.0
10,344.0,desktop,12,344.0,2.0,2.0,2.0
