,time,event0,event1,event2,event3,event4,event5
0,0.0,mobile,14,0.0,1.0,1.0,1.0
1,1.0,mobile,14,1.0,1.0,5.0,1.0
2,2.0,mobile,14,6.0,5.0,2.0,5.0
3,7.0,mobile,14,8.0,2.0,1.0,2.0
4,9.0,mobile,14,9.0,1.0,1.0,1.0
5,10.0,mobile,14,10.0,19.0,20.0,1.0
6,29.0,mobile,14,30.0,2.0,1.0,2.0
7,31.0,mobile,14,31.0,1.0,3.0,1.0
8,32.0,mobile,14,34.0,3.0,3.0,3.0
9,35.0,mobile,14,37.0,3.0,3.0,3.0
10,38.0,mobile,14,40.0,3.0,2.0,3.0
11,41.0,mobile,14,42.0,2.0,3.0,2.0
12,43.0,mobile,14,45.0,3.0,1.0,3.0
