,time,event0,event1,event2,event3,event4,event5
0,0.0,desktop,13,0.0,1.0,1.0,1.0
1,1.0,desktop,13,1.0,1.0,1.0,1.0
2,2.0,desktop,13,2.0,1.0,2.0,1.0
3,3.0,desktop,13,4.0,32.0,33.0,2.0
4,35.0,desktop,13,37.0,3.0,1.0,3.0
5,38.0,desktop,13,38.0,1.0,2.0,1.0
6,39.0,desktop,13,40.0,2.0,1.0,2.0
7,41.0,desktop,13,41.0,1.0,1.0,1.0
8,42.0,desktop,13,42.0,19.0,19.0,1.0
9,61.0,desktop,13,61.0,1.0,1.0,1.0
10,62.0,desktop,13,62.0,1.0,2.0,1.0
11,63.0,desktop,13,64.0,4.0,3.0,2.0
