,time,event0,event1,event2,event3,event4,event5
0,0.0,tablet,12,0.0,2.0,3.0,2.0
1,2.0,tablet,12,3.0,3.0,3.0,3.0
2,5.0,mobile,12,6.0,3.0,3.0,3.0
3,8.0,tablet,12,9.0,3.0,5.0,3.0
4,11.0,mobile,12,14.0,5.0,1.0,5.0
5,16.0,tablet,12,15.0,1.0,6.0,1.0
6,17.0,mobile,12,21.0,6.0,5.0,6.0
7,23.0,tablet,12,26.0,5.0,2.0,5.0
8,28.0,tablet,12,28.0,2.0,1.0,2.0
9,30.0,mobile,12,29.0,1.0,11.0,1.0
10,31.0,mobile,12,40.0,11.0,1.0,11.0
