,time,event0,event1,event2,event3,event4,event5
0,0.0,desktop,11,0.0,7.0,3.0,7.0
1,7.0,desktop,11,3.0,3.0,1.0,3.0
2,10.0,desktop,11,4.0,1.0,4.0,1.0
3,11.0,desktop,11,8.0,266.0,266.0,4.0
4,277.0,desktop,11,274.0,4.0,1.0,4.0
5,281.0,desktop,11,275.0,1.0,1.0,1.0
6,282.0,desktop,11,276.0,1.0,1.0,1.0
7,283.0,desktop,11,277.0,1.0,1.0,1.0
8,284.0,desktop,11,278.0,1.0,1.0,1.0
9,285.0,desktop,11,279.0,1.0,1.0,1.0
