,time,event0,event1,event2,event3,event4,event5
0,0.0,desktop,12,0.0,1.0,5.0,1.0
1,1.0,tablet,12,5.0,5.0,3.0,5.0
2,6.0,mobile,12,8.0,3.0,5.0,3.0
3,9.0,mobile,12,13.0,5.0,3.0,5.0
4,14.0,mobile,12,16.0,3.0,3.0,3.0
5,17.0,mobile,12,19.0,3.0,3.0,3.0
6,20.0,mobile,12,22.0,3.0,1.0,3.0
7,23.0,mobile,12,23.0,237.0,241.0,1.0
8,260.0,desktop,12,264.0,5.0,2.0,5.0
9,265.0,tablet,12,266.0,2.0,4.0,2.0
10,267.0,tablet,12,270.0,4.0,1.0,4.0
