,time,event0,event1,event2,event3,event4,event5
0,0.0,desktop,11,0.0,3.0,2.0,3.0
1,3.0,desktop,11,2.0,2.0,2.0,2.0
2,5.0,desktop,11,4.0,2.0,4.0,2.0
3,7.0,desktop,11,8.0,141.0,144.0,4.0
4,148.0,desktop,11,152.0,7.0,1.0,7.0
5,155.0,desktop,11,153.0,1.0,1.0,1.0
6,156.0,desktop,11,154.0,1.0,1.0,1.0
7,157.0,desktop,11,155.0,1.0,2.0,1.0
8,158.0,desktop,11,157.0,2.0,5.0,2.0
9,160.0,desktop,11,162.0,5.0,3.0,5.0
