,time,event0,event1,event2,event3,event4,event5
0,0.0,desktop,13,0.0,2.0,1.0,2.0
1,2.0,desktop,13,1.0,1.0,2.0,1.0
2,3.0,desktop,13,3.0,2.0,3.0,2.0
3,5.0,desktop,13,6.0,4.0,5.0,3.0
4,9.0,desktop,13,11.0,4.0,1.0,4.0
5,13.0,mobile,13,12.0,1.0,3.0,1.0
6,14.0,mobile,13,15.0,3.0,3.0,3.0
7,17.0,mobile,13,18.0,3.0,1.0,3.0
8,20.0,desktop,13,19.0,3.0,4.0,1.0
9,23.0,desktop,13,23.0,2.0,3.0,2.0
10,25.0,desktop,13,26.0,3.0,2.0,3.0
11,28.0,desktop,13,28.0,2.0,2.0,2.0
