,time,event0,event1,event2,event3,event4,event5
0,0.0,desktop,11,0.0,3.0,2.0,3.0
1,3.0,desktop,11,2.0,2.0,2.0,2.0
2,5.0,desktop,11,4.0,2.0,3.0,2.0
3,7.0,mobile,11,7.0,3.0,1.0,3.0
4,10.0,mobile,11,8.0,137.0,138.0,1.0
5,147.0,mobile,11,146.0,2.0,3.0,2.0
6,149.0,mobile,11,149.0,3.0,5.0,3.0
7,152.0,mobile,11,154.0,5.0,5.0,5.0
8,157.0,mobile,11,159.0,5.0,4.0,5.0
9,162.0,mobile,11,163.0,4.0,2.0,4.0
