,time,event0,event1,event2,event3,event4,event5
0,0.0,desktop,11,0.0,4.0,3.0,4.0
1,4.0,desktop,11,3.0,3.0,2.0,3.0
2,7.0,desktop,11,5.0,2.0,2.0,2.0
3,9.0,tablet,11,7.0,2.0,1.0,2.0
4,11.0,mobile,11,8.0,1.0,2.0,1.0
5,12.0,desktop,11,10.0,176.0,178.0,2.0
6,188.0,desktop,11,188.0,4.0,4.0,4.0
7,192.0,desktop,11,192.0,4.0,3.0,4.0
8,196.0,desktop,11,195.0,3.0,2.0,3.0
9,199.0,desktop,11,197.0,2.0,1.0,2.0
