,time,event0,event1,event2,event3,event4,event5
0,0.0,desktop,12,0.0,2.0,2.0,2.0
1,2.0,desktop,12,2.0,2.0,2.0,2.0
2,4.0,desktop,12,4.0,2.0,2.0,2.0
3,6.0,desktop,12,6.0,4.0,4.0,2.0
4,10.0,desktop,12,10.0,2.0,3.0,2.0
5,12.0,desktop,12,13.0,3.0,2.0,3.0
6,15.0,desktop,12,15.0,2.0,4.0,2.0
7,17.0,desktop,12,19.0,194.0,193.0,4.0
8,211.0,desktop,12,212.0,3.0,2.0,3.0
9,214.0,desktop,12,214.0,2.0,1.0,2.0
10,216.0,desktop,12,215.0,1.0,2.0,1.0
