,time,event0,event1,event2,event3,event4,event5
0,0.0,desktop,11,0.0,1.0,2.0,1.0
1,1.0,desktop,11,2.0,4.0,3.0,2.0
2,5.0,desktop,11,5.0,1.0,1.0,1.0
3,6.0,desktop,11,6.0,1.0,1.0,1.0
4,7.0,desktop,11,7.0,1.0,1.0,1.0
5,8.0,desktop,11,8.0,172.0,174.0,1.0
6,180.0,desktop,11,182.0,3.0,2.0,3.0
7,183.0,desktop,11,184.0,2.0,2.0,2.0
8,185.0,desktop,11,186.0,2.0,3.0,2.0
9,187.0,desktop,11,189.0,3.0,3.0,3.0
