,time,event0,event1,event2,event3,event4,event5
0,0.0,desktop,11,0.0,2.0,2.0,2.0
1,2.0,desktop,11,2.0,2.0,4.0,2.0
2,4.0,desktop,11,6.0,4.0,2.0,4.0
3,8.0,desktop,11,8.0,113.0,113.0,2.0
4,121.0,desktop,11,121.0,2.0,1.0,2.0
5,123.0,desktop,11,122.0,1.0,4.0,1.0
6,124.0,desktop,11,126.0,4.0,1.0,4.0
7,128.0,desktop,11,127.0,1.0,3.0,1.0
8,129.0,desktop,11,130.0,3.0,1.0,3.0
9,132.0,desktop,11,131.0,1.0,1.0,1.0
