,time,event0,event1,event2,event3,event4,event5
0,0.0,desktop,13,0.0,2.0,1.0,2.0
1,2.0,desktop,13,1.0,1.0,6.0,1.0
2,3.0,desktop,13,7.0,6.0,2.0,6.0
3,9.0,desktop,13,9.0,4.0,5.0,2.0
4,13.0,desktop,13,14.0,3.0,4.0,3.0
5,16.0,desktop,13,18.0,4.0,6.0,4.0
6,20.0,desktop,13,24.0,6.0,4.0,6.0
7,26.0,desktop,13,28.0,4.0,1.0,4.0
8,30.0,desktop,13,29.0,16.0,17.0,1.0
9,46.0,mobile,13,46.0,2.0,4.0,2.0
10,48.0,mobile,13,50.0,4.0,2.0,4.0
11,52.0,mobile,13,52.0,2.0,1.0,2.0
