,time,event0,event1,event2,event3,event4,event5
0,0.0,desktop,12,0.0,1.0,1.0,1.0
1,1.0,desktop,12,1.0,1.0,2.0,1.0
2,2.0,mobile,12,3.0,2.0,1.0,2.0
3,4.0,desktop,12,4.0,1.0,1.0,1.0
4,5.0,mobile,12,5.0,1.0,2.0,1.0
5,6.0,desktop,12,7.0,36.0,37.0,2.0
6,42.0,desktop,12,44.0,3.0,2.0,3.0
7,45.0,desktop,12,46.0,2.0,3.0,2.0
8,47.0,desktop,12,49.0,3.0,1.0,3.0
9,50.0,desktop,12,50.0,1.0,4.0,1.0
10,51.0,desktop,12,54.0,4.0,3.0,4.0
