,time,event0,event1,event2,event3,event4,event5
0,0.0,desktop,13,0.0,1.0,1.0,1.0
1,1.0,desktop,13,1.0,1.0,4.0,1.0
2,2.0,desktop,13,5.0,4.0,2.0,4.0
3,6.0,desktop,13,7.0,2.0,1.0,2.0
4,8.0,desktop,13,8.0,1.0,1.0,1.0
5,9.0,desktop,13,9.0,1.0,2.0,1.0
6,10.0,desktop,13,11.0,3.0,2.0,2.0
7,13.0,desktop,13,13.0,137.0,137.0,1.0
8,150.0,desktop,13,150.0,1.0,1.0,1.0
9,151.0,desktop,13,151.0,1.0,1.0,1.0
10,152.0,desktop,13,152.0,1.0,3.0,1.0
11,153.0,desktop,13,155.0,3.0,1.0,3.0
