,time,event0,event1,event2,event3,event4,event5
0,0.0,mobile,11,0.0,3.0,3.0,3.0
1,3.0,mobile,11,3.0,3.0,2.0,3.0
2,6.0,mobile,11,5.0,4.0,4.0,2.0
3,10.0,mobile,11,9.0,2.0,2.0,2.0
4,12.0,mobile,11,11.0,2.0,2.0,2.0
5,14.0,mobile,11,13.0,2.0,5.0,2.0
6,16.0,mobile,11,18.0,114.0,112.0,5.0
7,130.0,mobile,11,130.0,3.0,2.0,3.0
8,133.0,mobile,11,132.0,2.0,3.0,2.0
9,135.0,mobile,11,135.0,3.0,2.0,3.0
