,time,event0,event1,event2,event3,event4,event5
0,0.0,desktop,11,0.0,4.0,3.0,4.0
1,4.0,desktop,11,3.0,3.0,4.0,3.0
2,7.0,desktop,11,7.0,4.0,1.0,4.0
3,11.0,desktop,11,8.0,1.0,1.0,1.0
4,12.0,desktop,11,9.0,1.0,1.0,1.0
5,13.0,desktop,11,10.0,15.0,15.0,1.0
6,28.0,tablet,11,25.0,1.0,2.0,1.0
7,29.0,tablet,11,27.0,2.0,2.0,2.0
8,31.0,tablet,11,29.0,2.0,1.0,2.0
9,33.0,tablet,11,30.0,1.0,1.0,1.0
