,time,event0,event1,event2,event3,event4,event5
0,0.0,tablet,12,0.0,4.0,2.0,4.0
1,4.0,mobile,12,2.0,2.0,2.0,2.0
2,6.0,desktop,12,4.0,2.0,1.0,2.0
3,8.0,desktop,12,5.0,1.0,1.0,1.0
4,9.0,desktop,12,6.0,1.0,3.0,1.0
5,10.0,desktop,12,9.0,3.0,1.0,3.0
6,13.0,tablet,12,10.0,1.0,2.0,1.0
7,14.0,desktop,12,12.0,86.0,85.0,2.0
8,100.0,mobile,12,97.0,1.0,3.0,1.0
9,101.0,desktop,12,100.0,3.0,1.0,3.0
10,104.0,mobile,12,101.0,1.0,1.0,1.0
