,time,event0,event1,event2,event3,event4,event5
0,0.0,mobile,13,0.0,2.0,1.0,2.0
1,2.0,desktop,13,1.0,1.0,1.0,1.0
2,3.0,mobile,13,2.0,1.0,7.0,1.0
3,4.0,mobile,13,9.0,7.0,1.0,7.0
4,11.0,desktop,13,10.0,1.0,3.0,1.0
5,12.0,desktop,13,13.0,3.0,2.0,3.0
6,15.0,desktop,13,15.0,2.0,1.0,2.0
7,17.0,mobile,13,16.0,1.0,4.0,1.0
8,18.0,mobile,13,20.0,134.0,132.0,4.0
9,152.0,desktop,13,152.0,2.0,4.0,2.0
10,154.0,desktop,13,156.0,4.0,3.0,4.0
11,158.0,desktop,13,159.0,3.0,2.0,3.0
