,time,event0,event1,event2,event3,event4,event5
0,0.0,mobile,13,0.0,3.0,3.0,3.0
1,3.0,mobile,13,3.0,3.0,3.0,3.0
2,6.0,mobile,13,6.0,3.0,1.0,3.0
3,9.0,mobile,13,7.0,1.0,2.0,1.0
4,10.0,mobile,13,9.0,2.0,2.0,2.0
5,12.0,mobile,13,11.0,179.0,178.0,2.0
6,191.0,mobile,13,189.0,1.0,2.0,1.0
7,192.0,mobile,13,191.0,2.0,1.0,2.0
8,194.0,mobile,13,192.0,1.0,2.0,1.0
9,195.0,mobile,13,194.0,2.0,2.0,2.0
10,197.0,mobile,13,196.0,5.0,5.0,2.0
11,202.0,mobile,13,201.0,2.0,2.0,2.0
