,time,event0,event1,event2,event3,event4,event5
0,0.0,mobile,12,0.0,2.0,3.0,2.0
1,2.0,desktop,12,3.0,3.0,2.0,3.0
2,5.0,desktop,12,5.0,2.0,3.0,2.0
3,7.0,mobile,12,8.0,3.0,2.0,3.0
4,10.0,mobile,12,10.0,2.0,4.0,2.0
5,12.0,mobile,12,14.0,4.0,4.0,4.0
6,16.0,mobile,12,18.0,4.0,1.0,4.0
7,20.0,mobile,12,19.0,21.0,21.0,1.0
8,41.0,mobile,12,40.0,1.0,1.0,1.0
9,42.0,mobile,12,41.0,1.0,1.0,1.0
10,43.0,mobile,12,42.0,1.0,1.0,1.0
