,time,event0,event1,event2,event3,event4,event5
0,0.0,desktop,13,0.0,2.0,1.0,2.0
1,2.0,desktop,13,1.0,1.0,2.0,1.0
2,3.0,desktop,13,3.0,2.0,2.0,2.0
3,5.0,desktop,13,5.0,2.0,1.0,2.0
4,7.0,desktop,13,6.0,89.0,92.0,1.0
5,96.0,desktop,13,98.0,4.0,2.0,4.0
6,100.0,desktop,13,100.0,2.0,2.0,2.0
7,102.0,desktop,13,102.0,2.0,2.0,2.0
8,104.0,desktop,13,104.0,2.0,2.0,2.0
9,106.0,desktop,13,106.0,2.0,3.0,2.0
10,108.0,desktop,13,109.0,3.0,3.0,3.0
11,111.0,desktop,13,112.0,3.0,3.0,3.0
