,time,event0,event1,event2,event3,event4,event5
0,0.0,desktop,13,0.0,1.0,1.0,1.0
1,1.0,desktop,13,1.0,1.0,3.0,1.0
2,2.0,desktop,13,4.0,3.0,3.0,3.0
3,5.0,desktop,13,7.0,3.0,1.0,3.0
4,8.0,desktop,13,8.0,53.0,56.0,1.0
5,61.0,desktop,13,64.0,4.0,2.0,4.0
6,65.0,desktop,13,66.0,2.0,2.0,2.0
7,67.0,desktop,13,68.0,2.0,2.0,2.0
8,69.0,desktop,13,70.0,2.0,1.0,2.0
9,71.0,desktop,13,71.0,1.0,1.0,1.0
10,72.0,desktop,13,72.0,1.0,1.0,1.0
11,73.0,desktop,13,73.0,1.0,1.0,1.0
