,time,event0,event1,event2,event3,event4,event5
0,0.0,desktop,13,0.0,1.0,2.0,1.0
1,1.0,desktop,13,2.0,2.0,2.0,2.0
2,3.0,desktop,13,4.0,2.0,1.0,2.0
3,5.0,desktop,13,5.0,48.0,48.0,1.0
4,53.0,desktop,13,53.0,1.0,5.0,1.0
5,54.0,desktop,13,58.0,5.0,1.0,5.0
6,59.0,desktop,13,59.0,1.0,3.0,1.0
7,60.0,desktop,13,62.0,169.0,167.0,3.0
8,229.0,desktop,13,229.0,1.0,2.0,1.0
9,230.0,desktop,13,231.0,2.0,2.0,2.0
10,232.0,desktop,13,233.0,2.0,3.0,2.0
11,234.0,desktop,13,236.0,3.0,2.0,3.0
