,time,event0,event1,event2,event3,event4,event5
0,0.0,mobile,12,0.0,1.0,2.0,1.0
1,1.0,desktop,12,2.0,2.0,1.0,2.0
2,3.0,mobile,12,3.0,1.0,1.0,1.0
3,4.0,mobile,12,4.0,67.0,67.0,1.0
4,71.0,desktop,12,71.0,1.0,3.0,1.0
5,72.0,tablet,12,74.0,3.0,2.0,3.0
6,75.0,tablet,12,76.0,4.0,3.0,2.0
7,79.0,tablet,12,79.0,236.0,238.0,1.0
8,315.0,desktop,12,317.0,3.0,1.0,3.0
9,318.0,desktop,12,318.0,1.0,3.0,1.0
10,319.0,tablet,12,321.0,3.0,2.0,3.0
