,time,event0,event1,event2,event3,event4,event5
0,0.0,desktop,11,0.0,3.0,3.0,3.0
1,3.0,desktop,11,3.0,3.0,3.0,3.0
2,6.0,desktop,11,6.0,3.0,7.0,3.0
3,9.0,desktop,11,13.0,7.0,3.0,7.0
4,16.0,desktop,11,16.0,3.0,2.0,3.0
5,19.0,desktop,11,18.0,2.0,2.0,2.0
6,21.0,desktop,11,20.0,38.0,38.0,2.0
7,59.0,desktop,11,58.0,2.0,2.0,2.0
8,61.0,desktop,11,60.0,2.0,1.0,2.0
9,63.0,desktop,11,61.0,1.0,2.0,1.0
