,time,event0,event1,event2,event3,event4,event5
0,0.0,desktop,11,0.0,2.0,2.0,2.0
1,2.0,desktop,11,2.0,2.0,3.0,2.0
2,4.0,desktop,11,5.0,3.0,7.0,3.0
3,7.0,desktop,11,12.0,7.0,7.0,7.0
4,14.0,desktop,11,19.0,77.0,71.0,7.0
5,91.0,desktop,11,90.0,1.0,1.0,1.0
6,92.0,desktop,11,91.0,1.0,1.0,1.0
7,93.0,desktop,11,92.0,1.0,2.0,1.0
8,94.0,desktop,11,94.0,2.0,1.0,2.0
9,96.0,desktop,11,95.0,1.0,1.0,1.0
