,time,event0,event1,event2,event3,event4,event5
0,0.0,desktop,12,0.0,9.0,1.0,9.0
1,9.0,desktop,12,1.0,1.0,1.0,1.0
2,10.0,desktop,12,2.0,1.0,2.0,1.0
3,11.0,desktop,12,4.0,2.0,1.0,2.0
4,13.0,desktop,12,5.0,1.0,1.0,1.0
5,14.0,desktop,12,6.0,1.0,2.0,1.0
6,15.0,desktop,12,8.0,2.0,1.0,2.0
7,17.0,desktop,12,9.0,7.0,7.0,1.0
8,24.0,desktop,12,16.0,1.0,4.0,1.0
9,25.0,desktop,12,20.0,4.0,1.0,4.0
10,29.0,desktop,12,21.0,1.0,2.0,1.0
