,time,event0,event1,event2,event3,event4,event5
0,0.0,desktop,12,0.0,2.0,5.0,2.0
1,2.0,mobile,12,5.0,5.0,1.0,5.0
2,7.0,mobile,12,6.0,1.0,1.0,1.0
3,8.0,mobile,12,7.0,7.0,7.0,1.0
4,15.0,mobile,12,14.0,1.0,1.0,1.0
5,16.0,mobile,12,15.0,1.0,2.0,1.0
6,17.0,mobile,12,17.0,2.0,1.0,2.0
7,19.0,mobile,12,18.0,16.0,16.0,1.0
8,35.0,mobile,12,34.0,1.0,1.0,1.0
9,36.0,mobile,12,35.0,1.0,1.0,1.0
10,37.0,mobile,12,36.0,1.0,2.0,1.0
