,time,event0,event1,event2,event3,event4,event5
0,0.0,desktop,11,0.0,1.0,1.0,1.0
1,1.0,desktop,11,1.0,1.0,1.0,1.0
2,2.0,desktop,11,2.0,1.0,3.0,1.0
3,3.0,desktop,11,5.0,3.0,1.0,3.0
4,6.0,desktop,11,6.0,1.0,2.0,1.0
5,7.0,desktop,11,8.0,2.0,5.0,2.0
6,9.0,desktop,11,13.0,195.0,193.0,5.0
7,204.0,mobile,11,206.0,3.0,2.0,3.0
8,207.0,mobile,11,208.0,2.0,2.0,2.0
9,209.0,mobile,11,210.0,2.0,1.0,2.0
