,time,event0,event1,event2,event3,event4,event5
0,0.0,desktop,11,0.0,2.0,1.0,2.0
1,2.0,desktop,11,1.0,1.0,2.0,1.0
2,3.0,desktop,11,3.0,2.0,4.0,2.0
3,5.0,mobile,11,7.0,4.0,3.0,4.0
4,9.0,mobile,11,10.0,3.0,3.0,3.0
5,12.0,mobile,11,13.0,3.0,2.0,3.0
6,15.0,mobile,11,15.0,107.0,106.0,2.0
7,122.0,mobile,11,121.0,1.0,1.0,1.0
8,123.0,mobile,11,122.0,1.0,1.0,1.0
9,124.0,mobile,11,123.0,1.0,1.0,1.0
