,time,event0,event1,event2,event3,event4,event5
0,0.0,mobile,13,0.0,2.0,1.0,2.0
1,2.0,mobile,13,1.0,1.0,3.0,1.0
2,3.0,mobile,13,4.0,3.0,7.0,3.0
3,6.0,mobile,13,11.0,7.0,6.0,7.0
4,13.0,mobile,13,17.0,6.0,7.0,6.0
5,19.0,mobile,13,24.0,7.0,2.0,7.0
6,26.0,mobile,13,26.0,2.0,5.0,2.0
7,28.0,mobile,13,31.0,7.0,4.0,5.0
8,35.0,mobile,13,35.0,2.0,3.0,2.0
9,37.0,mobile,13,38.0,3.0,1.0,3.0
10,40.0,mobile,13,39.0,1.0,3.0,1.0
11,41.0,mobile,13,42.0,3.0,3.0,3.0
