,time,event0,event1,event2,event3,event4,event5
0,0.0,mobile,13,0.0,1.0,4.0,1.0
1,1.0,mobile,13,4.0,4.0,1.0,4.0
2,5.0,mobile,13,5.0,1.0,2.0,1.0
3,6.0,mobile,13,7.0,225.0,224.0,2.0
4,231.0,mobile,13,231.0,1.0,1.0,1.0
5,232.0,mobile,13,232.0,1.0,1.0,1.0
6,233.0,tablet,13,233.0,1.0,1.0,1.0
7,234.0,mobile,13,234.0,1.0,2.0,1.0
8,235.0,mobile,13,236.0,2.0,3.0,2.0
9,237.0,mobile,13,239.0,3.0,1.0,3.0
10,240.0,mobile,13,240.0,1.0,3.0,1.0
11,241.0,mobile,13,243.0,3.0,1.0,3.0
