,time,event0,event1,event2,event3,event4,event5
0,0.0,tablet,12,0.0,1.0,1.0,1.0
1,1.0,tablet,12,1.0,1.0,2.0,1.0
2,2.0,tablet,12,3.0,2.0,3.0,2.0
3,4.0,tablet,12,6.0,127.0,131.0,3.0
4,131.0,desktop,12,137.0,7.0,5.0,7.0
5,138.0,desktop,12,142.0,5.0,1.0,5.0
6,143.0,mobile,12,143.0,1.0,3.0,1.0
7,144.0,desktop,12,146.0,39.0,40.0,3.0
8,183.0,desktop,12,186.0,4.0,2.0,4.0
9,187.0,desktop,12,188.0,2.0,4.0,2.0
10,189.0,mobile,12,192.0,4.0,4.0,4.0
