,time,event0,event1,event2,event3,event4,event5
0,0.0,desktop,11,0.0,1.0,2.0,1.0
1,1.0,desktop,11,2.0,2.0,3.0,2.0
2,3.0,desktop,11,5.0,3.0,2.0,3.0
3,6.0,desktop,11,7.0,2.0,1.0,2.0
4,8.0,mobile,11,8.0,1.0,2.0,1.0
5,9.0,mobile,11,10.0,146.0,151.0,2.0
6,155.0,tablet,11,161.0,7.0,1.0,7.0
7,162.0,desktop,11,162.0,1.0,3.0,1.0
8,163.0,desktop,11,165.0,3.0,1.0,3.0
9,166.0,desktop,11,166.0,1.0,2.0,1.0
