,time,event0,event1,event2,event3,event4,event5
0,0.0,desktop,11,0.0,1.0,4.0,1.0
1,1.0,desktop,11,4.0,4.0,1.0,4.0
2,5.0,desktop,11,5.0,1.0,1.0,1.0
3,6.0,desktop,11,6.0,92.0,93.0,1.0
4,98.0,desktop,11,99.0,2.0,5.0,2.0
5,100.0,desktop,11,104.0,5.0,4.0,5.0
6,105.0,desktop,11,108.0,4.0,5.0,4.0
7,109.0,desktop,11,113.0,5.0,1.0,5.0
8,114.0,desktop,11,114.0,1.0,1.0,1.0
9,115.0,desktop,11,115.0,1.0,5.0,1.0
