,time,event0,event1,event2,event3,event4,event5
0,0.0,desktop,11,0.0,4.0,2.0,4.0
1,4.0,desktop,11,2.0,2.0,2.0,2.0
2,6.0,desktop,11,4.0,2.0,3.0,2.0
3,8.0,desktop,11,7.0,3.0,1.0,3.0
4,11.0,desktop,11,8.0,1.0,2.0,1.0
5,12.0,mobile,11,10.0,2.0,3.0,2.0
6,14.0,mobile,11,13.0,9.0,15.0,3.0
7,23.0,desktop,11,28.0,9.0,5.0,9.0
8,32.0,mobile,11,33.0,5.0,3.0,5.0
9,37.0,desktop,11,36.0,3.0,3.0,3.0
