,time,event0,event1,event2,event3,event4,event5
0,0.0,mobile,13,0.0,2.0,3.0,2.0
1,2.0,mobile,13,3.0,3.0,6.0,3.0
2,5.0,mobile,13,9.0,6.0,4.0,6.0
3,11.0,mobile,13,13.0,4.0,5.0,4.0
4,15.0,mobile,13,18.0,5.0,1.0,5.0
5,20.0,mobile,13,19.0,1.0,11.0,1.0
6,21.0,mobile,13,30.0,11.0,5.0,11.0
7,32.0,mobile,13,35.0,5.0,1.0,5.0
8,37.0,mobile,13,36.0,22.0,24.0,1.0
9,59.0,mobile,13,60.0,3.0,4.0,3.0
10,62.0,mobile,13,64.0,4.0,5.0,4.0
11,66.0,mobile,13,69.0,5.0,6.0,5.0
