,time,event0,event1,event2,event3,event4,event5
0,0.0,desktop,12,0.0,2.0,2.0,2.0
1,2.0,desktop,12,2.0,2.0,5.0,2.0
2,4.0,desktop,12,7.0,5.0,4.0,5.0
3,9.0,desktop,12,11.0,4.0,4.0,4.0
4,13.0,desktop,12,15.0,146.0,143.0,4.0
5,159.0,desktop,12,158.0,1.0,3.0,1.0
6,160.0,desktop,12,161.0,3.0,4.0,3.0
7,163.0,desktop,12,165.0,4.0,2.0,4.0
8,167.0,desktop,12,167.0,2.0,9.0,2.0
9,169.0,desktop,12,176.0,9.0,1.0,9.0
10,178.0,desktop,12,177.0,1.0,1.0,1.0
