,time,event0,event1,event2,event3,event4,event5
0,0.0,mobile,12,0.0,1.0,2.0,1.0
1,1.0,desktop,12,2.0,2.0,1.0,2.0
2,3.0,mobile,12,3.0,1.0,1.0,1.0
3,4.0,desktop,12,4.0,82.0,83.0,1.0
4,86.0,desktop,12,87.0,2.0,2.0,2.0
5,88.0,desktop,12,89.0,2.0,2.0,2.0
6,90.0,desktop,12,91.0,2.0,3.0,2.0
7,92.0,desktop,12,94.0,120.0,118.0,3.0
8,212.0,desktop,12,212.0,1.0,2.0,1.0
9,213.0,desktop,12,214.0,2.0,2.0,2.0
10,215.0,desktop,12,216.0,2.0,2.0,2.0
