,time,event0,event1,event2,event3,event4,event5
0,0.0,tablet,12,0.0,1.0,1.0,1.0
1,1.0,tablet,12,1.0,1.0,1.0,1.0
2,2.0,tablet,12,2.0,1.0,1.0,1.0
3,3.0,desktop,12,3.0,67.0,69.0,1.0
4,70.0,desktop,12,72.0,3.0,1.0,3.0
5,73.0,desktop,12,73.0,1.0,2.0,1.0
6,74.0,desktop,12,75.0,2.0,1.0,2.0
7,76.0,desktop,12,76.0,10.0,12.0,1.0
8,86.0,desktop,12,88.0,3.0,1.0,3.0
9,89.0,desktop,12,89.0,1.0,2.0,1.0
10,90.0,desktop,12,91.0,2.0,3.0,2.0
