,time,event0,event1,event2,event3,event4,event5
0,0.0,desktop,12,0.0,2.0,2.0,2.0
1,2.0,desktop,12,2.0,2.0,3.0,2.0
2,4.0,desktop,12,5.0,3.0,1.0,3.0
3,7.0,desktop,12,6.0,41.0,42.0,1.0
4,48.0,desktop,12,48.0,2.0,1.0,2.0
5,50.0,desktop,12,49.0,1.0,1.0,1.0
6,51.0,mobile,12,50.0,1.0,2.0,1.0
7,52.0,mobile,12,52.0,14.0,14.0,2.0
8,66.0,desktop,12,66.0,2.0,2.0,2.0
9,68.0,desktop,12,68.0,2.0,1.0,2.0
10,70.0,desktop,12,69.0,1.0,1.0,1.0
