,time,event0,event1,event2,event3,event4,event5
0,0.0,desktop,12,0.0,2.0,1.0,2.0
1,2.0,mobile,12,1.0,1.0,1.0,1.0
2,3.0,mobile,12,2.0,1.0,2.0,1.0
3,4.0,mobile,12,4.0,91.0,90.0,2.0
4,95.0,desktop,12,94.0,1.0,2.0,1.0
5,96.0,mobile,12,96.0,5.0,5.0,2.0
6,101.0,desktop,12,101.0,2.0,1.0,2.0
7,103.0,mobile,12,102.0,29.0,31.0,1.0
8,132.0,mobile,12,133.0,3.0,1.0,3.0
9,135.0,mobile,12,134.0,1.0,3.0,1.0
10,136.0,mobile,12,137.0,3.0,3.0,3.0
