,time,event0,event1,event2,event3,event4,event5
0,0.0,desktop,12,0.0,3.0,4.0,3.0
1,3.0,desktop,12,4.0,4.0,1.0,4.0
2,7.0,desktop,12,5.0,1.0,1.0,1.0
3,8.0,desktop,12,6.0,1.0,3.0,1.0
4,9.0,desktop,12,9.0,3.0,4.0,3.0
5,12.0,desktop,12,13.0,4.0,2.0,4.0
6,16.0,desktop,12,15.0,187.0,187.0,2.0
7,203.0,mobile,12,202.0,2.0,3.0,2.0
8,205.0,desktop,12,205.0,3.0,1.0,3.0
9,208.0,tablet,12,206.0,1.0,3.0,1.0
10,209.0,desktop,12,209.0,3.0,2.0,3.0
