,time,event0,event1,event2,event3,event4,event5
0,0.0,desktop,13,0.0,2.0,2.0,2.0
1,2.0,desktop,13,2.0,2.0,1.0,2.0
2,4.0,mobile,13,3.0,1.0,2.0,1.0
3,5.0,desktop,13,5.0,94.0,93.0,2.0
4,99.0,tablet,13,98.0,1.0,1.0,1.0
5,100.0,desktop,13,99.0,1.0,3.0,1.0
6,101.0,desktop,13,102.0,3.0,1.0,3.0
7,104.0,desktop,13,103.0,1.0,1.0,1.0
8,105.0,desktop,13,104.0,78.0,79.0,1.0
9,183.0,desktop,13,183.0,2.0,3.0,2.0
10,185.0,tablet,13,186.0,3.0,4.0,3.0
11,188.0,tablet,13,190.0,4.0,2.0,4.0
