,time,event0,event1,event2,event3,event4,event5
0,0.0,desktop,13,0.0,4.0,1.0,4.0
1,4.0,mobile,13,1.0,1.0,1.0,1.0
2,5.0,mobile,13,2.0,1.0,3.0,1.0
3,6.0,mobile,13,5.0,7.0,9.0,3.0
4,13.0,mobile,13,14.0,5.0,3.0,5.0
5,18.0,mobile,13,17.0,3.0,1.0,3.0
6,21.0,mobile,13,18.0,1.0,2.0,1.0
7,22.0,mobile,13,20.0,2.0,1.0,2.0
8,24.0,mobile,13,21.0,128.0,128.0,1.0
9,152.0,mobile,13,149.0,1.0,1.0,1.0
10,153.0,mobile,13,150.0,1.0,1.0,1.0
11,154.0,mobile,13,151.0,1.0,1.0,1.0
