,time,event0,event1,event2,event3,event4,event5
0,0.0,desktop,11,0.0,3.0,1.0,3.0
1,3.0,desktop,11,1.0,1.0,3.0,1.0
2,4.0,desktop,11,4.0,3.0,4.0,3.0
3,7.0,desktop,11,8.0,103.0,105.0,4.0
4,110.0,desktop,11,113.0,6.0,3.0,6.0
5,116.0,desktop,11,116.0,3.0,1.0,3.0
6,119.0,desktop,11,117.0,1.0,2.0,1.0
7,120.0,desktop,11,119.0,2.0,1.0,2.0
8,122.0,desktop,11,120.0,1.0,2.0,1.0
9,123.0,desktop,11,122.0,2.0,4.0,2.0
