,time,event0,event1,event2,event3,event4,event5
0,0.0,tablet,12,0.0,7.0,3.0,7.0
1,7.0,desktop,12,3.0,3.0,4.0,3.0
2,10.0,desktop,12,7.0,4.0,2.0,4.0
3,14.0,desktop,12,9.0,2.0,3.0,2.0
4,16.0,desktop,12,12.0,3.0,2.0,3.0
5,19.0,desktop,12,14.0,11.0,12.0,2.0
6,30.0,desktop,12,26.0,3.0,1.0,3.0
7,33.0,desktop,12,27.0,1.0,2.0,1.0
8,34.0,desktop,12,29.0,2.0,2.0,2.0
9,36.0,desktop,12,31.0,2.0,4.0,2.0
10,38.0,tablet,12,35.0,4.0,2.0,4.0
