,time,event0,event1,event2,event3,event4,event5
0,0.0,desktop,11,0.0,3.0,1.0,3.0
1,3.0,desktop,11,1.0,1.0,2.0,1.0
2,4.0,desktop,11,3.0,2.0,1.0,2.0
3,6.0,desktop,11,4.0,106.0,106.0,1.0
4,112.0,desktop,11,110.0,1.0,1.0,1.0
5,113.0,mobile,11,111.0,1.0,1.0,1.0
6,114.0,mobile,11,112.0,1.0,1.0,1.0
7,115.0,mobile,11,113.0,1.0,1.0,1.0
8,116.0,mobile,11,114.0,5.0,5.0,1.0
9,121.0,mobile,11,119.0,1.0,1.0,1.0
