,time,event0,event1,event2,event3,event4,event5
0,0.0,desktop,14,0.0,1.0,2.0,1.0
1,1.0,desktop,14,2.0,2.0,1.0,2.0
2,3.0,desktop,14,3.0,1.0,1.0,1.0
3,4.0,desktop,14,4.0,1.0,3.0,1.0
4,5.0,desktop,14,7.0,76.0,74.0,3.0
5,81.0,desktop,14,81.0,1.0,1.0,1.0
6,82.0,desktop,14,82.0,1.0,1.0,1.0
7,83.0,desktop,14,83.0,1.0,7.0,1.0
8,84.0,desktop,14,90.0,7.0,2.0,7.0
9,91.0,desktop,14,92.0,2.0,2.0,2.0
10,93.0,desktop,14,94.0,2.0,2.0,2.0
11,95.0,desktop,14,96.0,2.0,2.0,2.0
12,97.0,desktop,14,98.0,2.0,1.0,2.0
