,time,event0,event1,event2,event3,event4,event5
0,0.0,mobile,13,0.0,4.0,2.0,4.0
1,4.0,mobile,13,2.0,2.0,7.0,2.0
2,6.0,mobile,13,9.0,7.0,3.0,7.0
3,13.0,mobile,13,12.0,3.0,1.0,3.0
4,16.0,mobile,13,13.0,156.0,156.0,1.0
5,172.0,mobile,13,169.0,1.0,1.0,1.0
6,173.0,mobile,13,170.0,1.0,1.0,1.0
7,174.0,mobile,13,171.0,1.0,1.0,1.0
8,175.0,mobile,13,172.0,1.0,1.0,1.0
9,176.0,mobile,13,173.0,1.0,1.0,1.0
10,177.0,mobile,13,174.0,1.0,1.0,1.0
11,178.0,mobile,13,175.0,1.0,1.0,1.0
