,time,event0,event1,event2,event3,event4,event5
0,0.0,desktop,12,0.0,1.0,5.0,1.0
1,1.0,desktop,12,5.0,5.0,2.0,5.0
2,6.0,desktop,12,7.0,2.0,2.0,2.0
3,8.0,desktop,12,9.0,2.0,3.0,2.0
4,10.0,desktop,12,12.0,3.0,1.0,3.0
5,13.0,desktop,12,13.0,1.0,1.0,1.0
6,14.0,desktop,12,14.0,144.0,149.0,1.0
7,158.0,desktop,12,163.0,6.0,3.0,6.0
8,164.0,desktop,12,166.0,3.0,5.0,3.0
9,167.0,desktop,12,171.0,5.0,5.0,5.0
10,172.0,desktop,12,176.0,5.0,4.0,5.0
