,time,event0,event1,event2,event3,event4,event5
0,0.0,desktop,12,0.0,1.0,3.0,1.0
1,1.0,desktop,12,3.0,3.0,3.0,3.0
2,4.0,desktop,12,6.0,3.0,4.0,3.0
3,7.0,desktop,12,10.0,39.0,36.0,4.0
4,46.0,desktop,12,46.0,1.0,3.0,1.0
5,47.0,desktop,12,49.0,3.0,3.0,3.0
6,50.0,desktop,12,52.0,3.0,3.0,3.0
7,53.0,desktop,12,55.0,9.0,10.0,3.0
8,62.0,desktop,12,65.0,4.0,2.0,4.0
9,66.0,desktop,12,67.0,3.0,4.0,2.0
10,69.0,desktop,12,71.0,11.0,11.0,3.0
