,time,event0,event1,event2,event3,event4,event5
0,0.0,desktop,11,0.0,3.0,4.0,3.0
1,3.0,desktop,11,4.0,4.0,3.0,4.0
2,7.0,desktop,11,7.0,3.0,3.0,3.0
3,10.0,desktop,11,10.0,3.0,1.0,3.0
4,13.0,desktop,11,11.0,91.0,92.0,1.0
5,104.0,desktop,11,103.0,2.0,2.0,2.0
6,106.0,desktop,11,105.0,2.0,2.0,2.0
7,108.0,desktop,11,107.0,2.0,1.0,2.0
8,110.0,desktop,11,108.0,1.0,1.0,1.0
9,111.0,desktop,11,109.0,1.0,2.0,1.0
