,time,event0,event1,event2,event3,event4,event5
0,0.0,desktop,13,0.0,2.0,2.0,2.0
1,2.0,desktop,13,2.0,2.0,4.0,2.0
2,4.0,desktop,13,6.0,4.0,4.0,4.0
3,8.0,desktop,13,10.0,4.0,1.0,4.0
4,12.0,desktop,13,11.0,1.0,3.0,1.0
5,13.0,desktop,13,14.0,134.0,133.0,3.0
6,147.0,desktop,13,147.0,2.0,1.0,2.0
7,149.0,desktop,13,148.0,1.0,1.0,1.0
8,150.0,desktop,13,149.0,1.0,1.0,1.0
9,151.0,desktop,13,150.0,1.0,2.0,1.0
10,152.0,desktop,13,152.0,2.0,2.0,2.0
11,154.0,desktop,13,154.0,2.0,3.0,2.0
