,time,event0,event1,event2,event3,event4,event5
0,0.0,desktop,13,0.0,1.0,1.0,1.0
1,1.0,desktop,13,1.0,1.0,3.0,1.0
2,2.0,desktop,13,4.0,3.0,3.0,3.0
3,5.0,desktop,13,7.0,254.0,255.0,3.0
4,259.0,desktop,13,262.0,4.0,1.0,4.0
5,263.0,desktop,13,263.0,1.0,1.0,1.0
6,264.0,desktop,13,264.0,1.0,1.0,1.0
7,265.0,desktop,13,265.0,1.0,2.0,1.0
8,266.0,desktop,13,267.0,2.0,1.0,2.0
9,268.0,desktop,13,268.0,1.0,3.0,1.0
10,269.0,desktop,13,271.0,3.0,4.0,3.0
11,272.0,desktop,13,275.0,4.0,1.0,4.0
