,time,event0,event1,event2,event3,event4,event5
0,0.0,desktop,11,0.0,1.0,2.0,1.0
1,1.0,desktop,11,2.0,2.0,4.0,2.0
2,3.0,desktop,11,6.0,4.0,2.0,4.0
3,7.0,desktop,11,8.0,2.0,1.0,2.0
4,9.0,desktop,11,9.0,222.0,224.0,1.0
5,231.0,desktop,11,233.0,3.0,2.0,3.0
6,234.0,desktop,11,235.0,2.0,1.0,2.0
7,236.0,desktop,11,236.0,1.0,1.0,1.0
8,237.0,desktop,11,237.0,1.0,1.0,1.0
9,238.0,desktop,11,238.0,1.0,1.0,1.0
