,time,event0,event1,event2,event3,event4,event5
0,0.0,mobile,12,0.0,3.0,4.0,3.0
1,3.0,mobile,12,4.0,4.0,2.0,4.0
2,7.0,mobile,12,6.0,2.0,4.0,2.0
3,9.0,tablet,12,10.0,4.0,2.0,4.0
4,13.0,tablet,12,12.0,2.0,2.0,2.0
5,15.0,tablet,12,14.0,2.0,1.0,2.0
6,17.0,tablet,12,15.0,1.0,5.0,1.0
7,18.0,tablet,12,20.0,26.0,22.0,5.0
8,44.0,tablet,12,42.0,1.0,2.0,1.0
9,45.0,mobile,12,44.0,2.0,1.0,2.0
10,47.0,tablet,12,45.0,1.0,1.0,1.0
