,time,event0,event1,event2,event3,event4,event5
0,0.0,desktop,12,0.0,3.0,2.0,3.0
1,3.0,desktop,12,2.0,2.0,3.0,2.0
2,5.0,desktop,12,5.0,3.0,3.0,3.0
3,8.0,desktop,12,8.0,142.0,141.0,3.0
4,150.0,desktop,12,149.0,2.0,2.0,2.0
5,152.0,desktop,12,151.0,2.0,2.0,2.0
6,154.0,desktop,12,153.0,2.0,1.0,2.0
7,156.0,desktop,12,154.0,91.0,96.0,1.0
8,247.0,desktop,12,250.0,6.0,4.0,6.0
9,253.0,tablet,12,254.0,4.0,3.0,4.0
10,257.0,desktop,12,257.0,3.0,6.0,3.0
