,time,event0,event1,event2,event3,event4,event5
0,0.0,mobile,11,0.0,3.0,2.0,3.0
1,3.0,mobile,11,2.0,2.0,2.0,2.0
2,5.0,mobile,11,4.0,2.0,1.0,2.0
3,7.0,mobile,11,5.0,1.0,1.0,1.0
4,8.0,mobile,11,6.0,18.0,21.0,1.0
5,26.0,mobile,11,27.0,4.0,2.0,4.0
6,30.0,mobile,11,29.0,2.0,3.0,2.0
7,32.0,mobile,11,32.0,3.0,3.0,3.0
8,35.0,mobile,11,35.0,3.0,3.0,3.0
9,38.0,mobile,11,38.0,3.0,1.0,3.0
