,time,event0,event1,event2,event3,event4,event5
0,0.0,desktop,12,0.0,1.0,3.0,1.0
1,1.0,desktop,12,3.0,3.0,1.0,3.0
2,4.0,desktop,12,4.0,1.0,1.0,1.0
3,5.0,desktop,12,5.0,54.0,56.0,1.0
4,59.0,desktop,12,61.0,3.0,2.0,3.0
5,62.0,mobile,12,63.0,2.0,2.0,2.0
6,64.0,mobile,12,65.0,2.0,1.0,2.0
7,66.0,desktop,12,66.0,117.0,119.0,1.0
8,183.0,mobile,12,185.0,3.0,2.0,3.0
9,186.0,mobile,12,187.0,2.0,1.0,2.0
10,188.0,mobile,12,188.0,1.0,2.0,1.0
