,time,event0,event1,event2,event3,event4,event5
0,0.0,desktop,11,0.0,3.0,1.0,3.0
1,3.0,desktop,11,1.0,1.0,1.0,1.0
2,4.0,desktop,11,2.0,1.0,2.0,1.0
3,5.0,desktop,11,4.0,2.0,1.0,2.0
4,7.0,desktop,11,5.0,199.0,200.0,1.0
5,206.0,desktop,11,205.0,2.0,8.0,2.0
6,208.0,desktop,11,213.0,8.0,3.0,8.0
7,216.0,desktop,11,216.0,3.0,4.0,3.0
8,219.0,desktop,11,220.0,4.0,1.0,4.0
9,223.0,desktop,11,221.0,1.0,3.0,1.0
