,time,event0,event1,event2,event3,event4,event5
0,0.0,desktop,13,0.0,1.0,1.0,1.0
1,1.0,desktop,13,1.0,1.0,1.0,1.0
2,2.0,desktop,13,2.0,1.0,1.0,1.0
3,3.0,desktop,13,3.0,1.0,1.0,1.0
4,4.0,desktop,13,4.0,151.0,151.0,1.0
5,155.0,desktop,13,155.0,1.0,3.0,1.0
6,156.0,desktop,13,158.0,3.0,3.0,3.0
7,159.0,desktop,13,161.0,3.0,4.0,3.0
8,162.0,desktop,13,165.0,4.0,3.0,4.0
9,166.0,desktop,13,168.0,3.0,2.0,3.0
10,169.0,mobile,13,170.0,5.0,13.0,2.0
11,174.0,desktop,13,183.0,10.0,4.0,10.0
