,time,event0,event1,event2,event3,event4,event5
0,0.0,mobile,13,0.0,3.0,2.0,3.0
1,3.0,mobile,13,2.0,2.0,2.0,2.0
2,5.0,mobile,13,4.0,2.0,1.0,2.0
3,7.0,mobile,13,5.0,1.0,1.0,1.0
4,8.0,mobile,13,6.0,55.0,55.0,1.0
5,63.0,mobile,13,61.0,1.0,2.0,1.0
6,64.0,mobile,13,63.0,2.0,1.0,2.0
7,66.0,desktop,13,64.0,1.0,1.0,1.0
8,67.0,desktop,13,65.0,1.0,1.0,1.0
9,68.0,desktop,13,66.0,1.0,2.0,1.0
10,69.0,desktop,13,68.0,4.0,4.0,2.0
11,73.0,mobile,13,72.0,2.0,1.0,2.0
