,time,event0,event1,event2,event3,event4,event5
0,0.0,desktop,12,0.0,1.0,1.0,1.0
1,1.0,desktop,12,1.0,1.0,6.0,1.0
2,2.0,desktop,12,7.0,6.0,9.0,6.0
3,8.0,desktop,12,16.0,9.0,6.0,9.0
4,17.0,desktop,12,22.0,6.0,1.0,6.0
5,23.0,desktop,12,23.0,1.0,5.0,1.0
6,24.0,desktop,12,28.0,138.0,136.0,5.0
7,162.0,desktop,12,164.0,3.0,3.0,3.0
8,165.0,desktop,12,167.0,3.0,3.0,3.0
9,168.0,desktop,12,170.0,3.0,2.0,3.0
10,171.0,desktop,12,172.0,2.0,1.0,2.0
