,time,event0,event1,event2,event3,event4,event5
0,0.0,desktop,13,0.0,1.0,1.0,1.0
1,1.0,desktop,13,1.0,1.0,1.0,1.0
2,2.0,desktop,13,2.0,1.0,1.0,1.0
3,3.0,desktop,13,3.0,251.0,253.0,1.0
4,254.0,desktop,13,256.0,3.0,5.0,3.0
5,257.0,mobile,13,261.0,5.0,2.0,5.0
6,262.0,mobile,13,263.0,2.0,2.0,2.0
7,264.0,mobile,13,265.0,2.0,1.0,2.0
8,266.0,desktop,13,266.0,1.0,2.0,1.0
9,267.0,desktop,13,268.0,2.0,1.0,2.0
10,269.0,mobile,13,269.0,1.0,1.0,1.0
11,270.0,desktop,13,270.0,1.0,1.0,1.0
