,time,event0,event1,event2,event3,event4,event5
0,0.0,mobile,11,0.0,9.0,2.0,9.0
1,9.0,mobile,11,2.0,2.0,3.0,2.0
2,11.0,mobile,11,5.0,3.0,6.0,3.0
3,14.0,mobile,11,11.0,16.0,12.0,6.0
4,30.0,mobile,11,23.0,2.0,1.0,2.0
5,32.0,mobile,11,24.0,1.0,1.0,1.0
6,33.0,mobile,11,25.0,1.0,1.0,1.0
7,34.0,mobile,11,26.0,1.0,1.0,1.0
8,35.0,mobile,11,27.0,1.0,1.0,1.0
9,36.0,mobile,11,28.0,1.0,1.0,1.0
