,time,event0,event1,event2,event3,event4,event5
0,0.0,mobile,11,0.0,1.0,4.0,1.0
1,1.0,mobile,11,4.0,4.0,3.0,4.0
2,5.0,mobile,11,7.0,3.0,4.0,3.0
3,8.0,mobile,11,11.0,103.0,101.0,4.0
4,111.0,mobile,11,112.0,2.0,2.0,2.0
5,113.0,mobile,11,114.0,2.0,2.0,2.0
6,115.0,mobile,11,116.0,2.0,3.0,2.0
7,117.0,mobile,11,119.0,3.0,3.0,3.0
8,120.0,mobile,11,122.0,3.0,1.0,3.0
9,123.0,mobile,11,123.0,1.0,1.0,1.0
