,time,event0,event1,event2,event3,event4,event5
0,0.0,tablet,12,0.0,2.0,10.0,2.0
1,2.0,desktop,12,10.0,10.0,2.0,10.0
2,12.0,mobile,12,12.0,2.0,1.0,2.0
3,14.0,mobile,12,13.0,46.0,48.0,1.0
4,60.0,desktop,12,61.0,3.0,2.0,3.0
5,63.0,desktop,12,63.0,2.0,4.0,2.0
6,65.0,desktop,12,67.0,4.0,3.0,4.0
7,69.0,mobile,12,70.0,37.0,39.0,3.0
8,106.0,mobile,12,109.0,5.0,5.0,5.0
9,111.0,tablet,12,114.0,5.0,3.0,5.0
10,116.0,mobile,12,117.0,3.0,2.0,3.0
