,time,event0,event1,event2,event3,event4,event5
0,0.0,desktop,12,0.0,2.0,1.0,2.0
1,2.0,mobile,12,1.0,1.0,1.0,1.0
2,3.0,mobile,12,2.0,1.0,1.0,1.0
3,4.0,tablet,12,3.0,1.0,1.0,1.0
4,5.0,mobile,12,4.0,1.0,1.0,1.0
5,6.0,tablet,12,5.0,129.0,130.0,1.0
6,135.0,mobile,12,135.0,2.0,3.0,2.0
7,137.0,desktop,12,138.0,3.0,1.0,3.0
8,140.0,mobile,12,139.0,1.0,4.0,1.0
9,141.0,tablet,12,143.0,4.0,1.0,4.0
10,145.0,mobile,12,144.0,1.0,1.0,1.0
