,time,event0,event1,event2,event3,event4,event5
0,0.0,desktop,11,0.0,5.0,2.0,5.0
1,5.0,desktop,11,2.0,2.0,2.0,2.0
2,7.0,desktop,11,4.0,2.0,3.0,2.0
3,9.0,desktop,11,7.0,3.0,1.0,3.0
4,12.0,desktop,11,8.0,7.0,7.0,1.0
5,19.0,desktop,11,15.0,1.0,1.0,1.0
6,20.0,mobile,11,16.0,1.0,2.0,1.0
7,21.0,desktop,11,18.0,2.0,1.0,2.0
8,23.0,mobile,11,19.0,4.0,4.0,1.0
9,27.0,desktop,11,23.0,1.0,1.0,1.0
