,time,event0,event1,event2,event3,event4,event5
0,0.0,desktop,13,0.0,1.0,4.0,1.0
1,1.0,desktop,13,4.0,4.0,2.0,4.0
2,5.0,desktop,13,6.0,2.0,1.0,2.0
3,7.0,mobile,13,7.0,40.0,40.0,1.0
4,47.0,desktop,13,47.0,1.0,1.0,1.0
5,48.0,desktop,13,48.0,1.0,2.0,1.0
6,49.0,desktop,13,50.0,2.0,2.0,2.0
7,51.0,desktop,13,52.0,64.0,63.0,2.0
8,115.0,desktop,13,115.0,1.0,2.0,1.0
9,116.0,desktop,13,117.0,2.0,1.0,2.0
10,118.0,desktop,13,118.0,1.0,1.0,1.0
11,119.0,desktop,13,119.0,1.0,2.0,1.0
