,time,event0,event1,event2,event3,event4,event5
0,0.0,mobile,12,0.0,2.0,5.0,2.0
1,2.0,desktop,12,5.0,5.0,1.0,5.0
2,7.0,desktop,12,6.0,1.0,2.0,1.0
3,8.0,desktop,12,8.0,2.0,4.0,2.0
4,10.0,desktop,12,12.0,4.0,5.0,4.0
5,14.0,desktop,12,17.0,32.0,28.0,5.0
6,46.0,desktop,12,45.0,6.0,6.0,1.0
7,52.0,desktop,12,51.0,1.0,1.0,1.0
8,53.0,desktop,12,52.0,1.0,1.0,1.0
9,54.0,desktop,12,53.0,1.0,1.0,1.0
10,55.0,desktop,12,54.0,1.0,3.0,1.0
