,time,event0,event1,event2,event3,event4,event5
0,0.0,desktop,13,0.0,5.0,1.0,5.0
1,5.0,desktop,13,1.0,1.0,2.0,1.0
2,6.0,desktop,13,3.0,2.0,1.0,2.0
3,8.0,desktop,13,4.0,1.0,1.0,1.0
4,9.0,desktop,13,5.0,3.0,8.0,1.0
5,12.0,mobile,13,13.0,58.0,55.0,6.0
6,70.0,desktop,13,68.0,3.0,1.0,3.0
7,73.0,desktop,13,69.0,1.0,3.0,1.0
8,74.0,desktop,13,72.0,3.0,4.0,3.0
9,77.0,desktop,13,76.0,7.0,6.0,4.0
10,84.0,desktop,13,82.0,3.0,3.0,3.0
11,87.0,desktop,13,85.0,3.0,6.0,3.0
