,time,event0,event1,event2,event3,event4,event5
0,0.0,desktop,12,0.0,2.0,5.0,2.0
1,2.0,desktop,12,5.0,5.0,2.0,5.0
2,7.0,desktop,12,7.0,2.0,4.0,2.0
3,9.0,mobile,12,11.0,4.0,3.0,4.0
4,13.0,desktop,12,14.0,3.0,2.0,3.0
5,16.0,desktop,12,16.0,2.0,3.0,2.0
6,18.0,desktop,12,19.0,44.0,45.0,3.0
7,62.0,mobile,12,64.0,4.0,2.0,4.0
8,66.0,desktop,12,66.0,2.0,2.0,2.0
9,68.0,desktop,12,68.0,2.0,4.0,2.0
10,70.0,desktop,12,72.0,4.0,3.0,4.0
