,time,event0,event1,event2,event3,event4,event5
0,0.0,mobile,11,0.0,1.0,2.0,1.0
1,1.0,tablet,11,2.0,2.0,4.0,2.0
2,3.0,tablet,11,6.0,4.0,2.0,4.0
3,7.0,tablet,11,8.0,2.0,1.0,2.0
4,9.0,mobile,11,9.0,1.0,2.0,1.0
5,10.0,mobile,11,11.0,109.0,109.0,2.0
6,119.0,desktop,11,120.0,2.0,1.0,2.0
7,121.0,tablet,11,121.0,1.0,1.0,1.0
8,122.0,mobile,11,122.0,1.0,3.0,1.0
9,123.0,tablet,11,125.0,3.0,1.0,3.0
