,time,event0,event1,event2,event3,event4,event5
0,0.0,desktop,11,0.0,1.0,1.0,1.0
1,1.0,desktop,11,1.0,1.0,2.0,1.0
2,2.0,desktop,11,3.0,2.0,3.0,2.0
3,4.0,desktop,11,6.0,3.0,1.0,3.0
4,7.0,desktop,11,7.0,79.0,79.0,1.0
5,86.0,desktop,11,86.0,1.0,7.0,1.0
6,87.0,desktop,11,93.0,7.0,7.0,7.0
7,94.0,desktop,11,100.0,7.0,1.0,7.0
8,101.0,desktop,11,101.0,1.0,4.0,1.0
9,102.0,desktop,11,105.0,4.0,1.0,4.0
