,time,event0,event1,event2,event3,event4,event5
0,0.0,desktop,12,0.0,1.0,2.0,1.0
1,1.0,desktop,12,2.0,2.0,3.0,2.0
2,3.0,desktop,12,5.0,3.0,1.0,3.0
3,6.0,mobile,12,6.0,159.0,160.0,1.0
4,165.0,desktop,12,166.0,2.0,4.0,2.0
5,167.0,mobile,12,170.0,4.0,4.0,4.0
6,171.0,mobile,12,174.0,4.0,1.0,4.0
7,175.0,desktop,12,175.0,1.0,2.0,1.0
8,176.0,desktop,12,177.0,2.0,3.0,2.0
9,178.0,desktop,12,180.0,3.0,4.0,3.0
10,181.0,desktop,12,184.0,4.0,2.0,4.0
