,time,event0,event1,event2,event3,event4,event5
0,0.0,desktop,11,0.0,6.0,3.0,6.0
1,6.0,desktop,11,3.0,3.0,1.0,3.0
2,9.0,desktop,11,4.0,1.0,5.0,1.0
3,10.0,desktop,11,9.0,5.0,2.0,5.0
4,15.0,desktop,11,11.0,2.0,2.0,2.0
5,17.0,tablet,11,13.0,2.0,1.0,2.0
6,19.0,tablet,11,14.0,141.0,141.0,1.0
7,160.0,desktop,11,155.0,1.0,1.0,1.0
8,161.0,desktop,11,156.0,1.0,1.0,1.0
9,162.0,desktop,11,157.0,1.0,1.0,1.0
