,time,event0,event1,event2,event3,event4,event5
0,0.0,mobile,12,0.0,6.0,4.0,6.0
1,6.0,desktop,12,4.0,4.0,3.0,4.0
2,10.0,desktop,12,7.0,3.0,1.0,3.0
3,13.0,desktop,12,8.0,1.0,2.0,1.0
4,14.0,desktop,12,10.0,2.0,6.0,2.0
5,16.0,desktop,12,16.0,6.0,2.0,6.0
6,22.0,mobile,12,18.0,2.0,1.0,2.0
7,24.0,desktop,12,19.0,176.0,179.0,1.0
8,200.0,desktop,12,198.0,4.0,5.0,4.0
9,204.0,desktop,12,203.0,5.0,5.0,5.0
10,209.0,desktop,12,208.0,5.0,7.0,5.0
