,time,event0,event1,event2,event3,event4,event5
0,0.0,desktop,11,0.0,2.0,3.0,2.0
1,2.0,desktop,11,3.0,3.0,3.0,3.0
2,5.0,desktop,11,6.0,3.0,4.0,3.0
3,8.0,desktop,11,10.0,4.0,1.0,4.0
4,12.0,desktop,11,11.0,1.0,3.0,1.0
5,13.0,desktop,11,14.0,3.0,4.0,3.0
6,16.0,desktop,11,18.0,6.0,3.0,4.0
7,22.0,mobile,11,21.0,1.0,1.0,1.0
8,23.0,mobile,11,22.0,1.0,1.0,1.0
9,24.0,mobile,11,23.0,1.0,1.0,1.0
