,time,event0,event1,event2,event3,event4,event5
0,0.0,mobile,11,0.0,1.0,2.0,1.0
1,1.0,mobile,11,2.0,2.0,3.0,2.0
2,3.0,mobile,11,5.0,3.0,1.0,3.0
3,6.0,mobile,11,6.0,1.0,2.0,1.0
4,7.0,mobile,11,8.0,4.0,4.0,2.0
5,11.0,mobile,11,12.0,112.0,112.0,2.0
6,123.0,mobile,11,124.0,2.0,3.0,2.0
7,125.0,mobile,11,127.0,3.0,1.0,3.0
8,128.0,mobile,11,128.0,1.0,3.0,1.0
9,129.0,mobile,11,131.0,3.0,4.0,3.0
