,time,event0,event1,event2,event3,event4,event5
0,0.0,desktop,11,0.0,8.0,1.0,8.0
1,8.0,desktop,11,1.0,1.0,6.0,1.0
2,9.0,desktop,11,7.0,6.0,2.0,6.0
3,15.0,desktop,11,9.0,2.0,5.0,2.0
4,17.0,desktop,11,14.0,5.0,1.0,5.0
5,22.0,mobile,11,15.0,117.0,118.0,1.0
6,139.0,desktop,11,133.0,2.0,3.0,2.0
7,141.0,desktop,11,136.0,3.0,2.0,3.0
8,144.0,desktop,11,138.0,2.0,4.0,2.0
9,146.0,desktop,11,142.0,4.0,3.0,4.0
