,time,event0,event1,event2,event3,event4,event5
0,0.0,mobile,11,0.0,1.0,3.0,1.0
1,1.0,mobile,11,3.0,3.0,1.0,3.0
2,4.0,mobile,11,4.0,1.0,3.0,1.0
3,5.0,mobile,11,7.0,3.0,6.0,3.0
4,8.0,mobile,11,13.0,6.0,1.0,6.0
5,14.0,mobile,11,14.0,183.0,186.0,1.0
6,197.0,desktop,11,200.0,4.0,3.0,4.0
7,201.0,desktop,11,203.0,3.0,2.0,3.0
8,204.0,desktop,11,205.0,2.0,3.0,2.0
9,206.0,desktop,11,208.0,3.0,2.0,3.0
