,time,event0,event1,event2,event3,event4,event5
0,0.0,mobile,13,0.0,3.0,3.0,3.0
1,3.0,mobile,13,3.0,3.0,5.0,3.0
2,6.0,mobile,13,8.0,5.0,2.0,5.0
3,11.0,mobile,13,10.0,2.0,1.0,2.0
4,13.0,mobile,13,11.0,1.0,1.0,1.0
5,14.0,mobile,13,12.0,1.0,4.0,1.0
6,15.0,mobile,13,16.0,4.0,3.0,4.0
7,19.0,mobile,13,19.0,3.0,1.0,3.0
8,22.0,mobile,13,20.0,1.0,4.0,1.0
9,23.0,mobile,13,24.0,4.0,3.0,4.0
10,27.0,mobile,13,27.0,3.0,1.0,3.0
11,30.0,mobile,13,28.0,1.0,1.0,1.0
