,time,event0,event1,event2,event3,event4,event5
0,0.0,tablet,11,0.0,1.0,1.0,1.0
1,1.0,tablet,11,1.0,1.0,1.0,1.0
2,2.0,tablet,11,2.0,1.0,2.0,1.0
3,3.0,tablet,11,4.0,2.0,1.0,2.0
4,5.0,mobile,11,5.0,125.0,127.0,1.0
5,130.0,desktop,11,132.0,3.0,3.0,3.0
6,133.0,mobile,11,135.0,3.0,2.0,3.0
7,136.0,mobile,11,137.0,2.0,4.0,2.0
8,138.0,mobile,11,141.0,4.0,2.0,4.0
9,142.0,tablet,11,143.0,2.0,1.0,2.0
