,time,event0,event1,event2,event3,event4,event5
0,0.0,desktop,13,0.0,1.0,3.0,1.0
1,1.0,desktop,13,3.0,3.0,2.0,3.0
2,4.0,desktop,13,5.0,2.0,1.0,2.0
3,6.0,desktop,13,6.0,3.0,4.0,1.0
4,9.0,mobile,13,10.0,2.0,4.0,2.0
5,11.0,desktop,13,14.0,4.0,3.0,4.0
6,15.0,desktop,13,17.0,3.0,1.0,3.0
7,18.0,desktop,13,18.0,1.0,2.0,1.0
8,19.0,desktop,13,20.0,159.0,160.0,2.0
9,178.0,desktop,13,180.0,3.0,1.0,3.0
10,181.0,mobile,13,181.0,1.0,1.0,1.0
11,182.0,mobile,13,182.0,1.0,5.0,1.0
