,time,event0,event1,event2,event3,event4,event5
0,0.0,desktop,11,0.0,2.0,1.0,2.0
1,2.0,desktop,11,1.0,1.0,2.0,1.0
2,3.0,desktop,11,3.0,2.0,2.0,2.0
3,5.0,desktop,11,5.0,2.0,4.0,2.0
4,7.0,desktop,11,9.0,184.0,181.0,4.0
5,191.0,tablet,11,190.0,1.0,1.0,1.0
6,192.0,tablet,11,191.0,1.0,1.0,1.0
7,193.0,tablet,11,192.0,1.0,3.0,1.0
8,194.0,tablet,11,195.0,3.0,1.0,3.0
9,197.0,desktop,11,196.0,1.0,1.0,1.0
