,time,event0,event1,event2,event3,event4,event5
0,0.0,desktop,12,0.0,2.0,5.0,2.0
1,2.0,desktop,12,5.0,5.0,1.0,5.0
2,7.0,desktop,12,6.0,1.0,4.0,1.0
3,8.0,desktop,12,10.0,172.0,174.0,4.0
4,180.0,desktop,12,184.0,6.0,1.0,6.0
5,186.0,desktop,12,185.0,1.0,1.0,1.0
6,187.0,desktop,12,186.0,1.0,1.0,1.0
7,188.0,desktop,12,187.0,1.0,2.0,1.0
8,189.0,desktop,12,189.0,2.0,1.0,2.0
9,191.0,desktop,12,190.0,1.0,3.0,1.0
10,192.0,desktop,12,193.0,3.0,1.0,3.0
