,time,event0,event1,event2,event3,event4,event5
0,0.0,desktop,12,0.0,7.0,7.0,7.0
1,7.0,desktop,12,7.0,7.0,1.0,7.0
2,14.0,tablet,12,8.0,1.0,3.0,1.0
3,15.0,desktop,12,11.0,3.0,3.0,3.0
4,18.0,desktop,12,14.0,3.0,3.0,3.0
5,21.0,desktop,12,17.0,3.0,3.0,3.0
6,24.0,desktop,12,20.0,3.0,6.0,3.0
7,27.0,desktop,12,26.0,6.0,2.0,6.0
8,33.0,desktop,12,28.0,2.0,6.0,2.0
9,35.0,desktop,12,34.0,6.0,3.0,6.0
10,41.0,desktop,12,37.0,3.0,3.0,3.0
