,time,event0,event1,event2,event3,event4,event5
0,0.0,desktop,12,0.0,1.0,5.0,1.0
1,1.0,desktop,12,5.0,5.0,1.0,5.0
2,6.0,desktop,12,6.0,1.0,3.0,1.0
3,7.0,desktop,12,9.0,3.0,1.0,3.0
4,10.0,desktop,12,10.0,1.0,3.0,1.0
5,11.0,desktop,12,13.0,3.0,2.0,3.0
6,14.0,desktop,12,15.0,147.0,149.0,2.0
7,161.0,desktop,12,164.0,4.0,3.0,4.0
8,165.0,desktop,12,167.0,3.0,4.0,3.0
9,168.0,desktop,12,171.0,4.0,4.0,4.0
10,172.0,desktop,12,175.0,4.0,1.0,4.0
