,time,event0,event1,event2,event3,event4,event5
0,0.0,desktop,13,0.0,5.0,7.0,1.0
1,5.0,desktop,13,7.0,7.0,5.0,3.0
2,12.0,desktop,13,12.0,1.0,1.0,1.0
3,13.0,desktop,13,13.0,1.0,2.0,1.0
4,14.0,desktop,13,15.0,90.0,91.0,2.0
5,104.0,desktop,13,106.0,3.0,1.0,3.0
6,107.0,desktop,13,107.0,1.0,1.0,1.0
7,108.0,desktop,13,108.0,1.0,1.0,1.0
8,109.0,desktop,13,109.0,2.0,2.0,1.0
9,111.0,desktop,13,111.0,1.0,2.0,1.0
10,112.0,desktop,13,113.0,2.0,1.0,2.0
11,114.0,desktop,13,114.0,1.0,1.0,1.0
