,time,event0,event1,event2,event3,event4,event5
0,0.0,mobile,12,0.0,1.0,2.0,1.0
1,1.0,mobile,12,2.0,2.0,1.0,2.0
2,3.0,mobile,12,3.0,1.0,1.0,1.0
3,4.0,mobile,12,4.0,1.0,1.0,1.0
4,5.0,mobile,12,5.0,24.0,24.0,1.0
5,29.0,mobile,12,29.0,1.0,2.0,1.0
6,30.0,mobile,12,31.0,2.0,2.0,2.0
7,32.0,mobile,12,33.0,2.0,2.0,2.0
8,34.0,mobile,12,35.0,2.0,5.0,2.0
9,36.0,mobile,12,40.0,5.0,6.0,5.0
10,41.0,mobile,12,46.0,6.0,2.0,6.0
