,time,event0,event1,event2,event3,event4,event5
0,0.0,tablet,14,0.0,2.0,2.0,2.0
1,2.0,tablet,14,2.0,2.0,1.0,2.0
2,4.0,tablet,14,3.0,1.0,1.0,1.0
3,5.0,tablet,14,4.0,1.0,1.0,1.0
4,6.0,tablet,14,5.0,1.0,1.0,1.0
5,7.0,tablet,14,6.0,19.0,19.0,1.0
6,26.0,tablet,14,25.0,1.0,1.0,1.0
7,27.0,desktop,14,26.0,1.0,2.0,1.0
8,28.0,tablet,14,28.0,2.0,3.0,2.0
9,30.0,desktop,14,31.0,237.0,236.0,3.0
10,267.0,desktop,14,267.0,2.0,2.0,2.0
11,269.0,desktop,14,269.0,2.0,1.0,2.0
12,271.0,desktop,14,270.0,1.0,1.0,1.0
