,time,event0,event1,event2,event3,event4,event5
0,0.0,desktop,13,0.0,3.0,4.0,2.0
1,3.0,mobile,13,4.0,3.0,1.0,3.0
2,6.0,mobile,13,5.0,1.0,2.0,1.0
3,7.0,mobile,13,7.0,158.0,158.0,2.0
4,165.0,mobile,13,165.0,2.0,2.0,2.0
5,167.0,mobile,13,167.0,2.0,3.0,2.0
6,169.0,mobile,13,170.0,3.0,2.0,3.0
7,172.0,mobile,13,172.0,2.0,3.0,2.0
8,174.0,mobile,13,175.0,3.0,2.0,3.0
9,177.0,mobile,13,177.0,2.0,3.0,2.0
10,179.0,mobile,13,180.0,3.0,1.0,3.0
11,182.0,mobile,13,181.0,1.0,1.0,1.0
