,time,event0,event1,event2,event3,event4,event5
0,0.0,desktop,13,0.0,4.0,5.0,4.0
1,4.0,desktop,13,5.0,5.0,2.0,5.0
2,9.0,desktop,13,7.0,2.0,2.0,2.0
3,11.0,desktop,13,9.0,2.0,3.0,2.0
4,13.0,desktop,13,12.0,102.0,102.0,3.0
5,115.0,tablet,13,114.0,3.0,3.0,3.0
6,118.0,tablet,13,117.0,3.0,3.0,3.0
7,121.0,tablet,13,120.0,3.0,7.0,3.0
8,124.0,tablet,13,127.0,177.0,171.0,7.0
9,301.0,mobile,13,298.0,1.0,2.0,1.0
10,302.0,mobile,13,300.0,2.0,4.0,2.0
11,304.0,mobile,13,304.0,4.0,1.0,4.0
