,time,event0,event1,event2,event3,event4,event5
0,0.0,mobile,13,0.0,12.0,11.0,5.0
1,12.0,mobile,13,11.0,4.0,1.0,4.0
2,16.0,mobile,13,12.0,1.0,3.0,1.0
3,17.0,mobile,13,15.0,3.0,1.0,3.0
4,20.0,mobile,13,16.0,1.0,2.0,1.0
5,21.0,mobile,13,18.0,2.0,2.0,2.0
6,23.0,mobile,13,20.0,2.0,1.0,2.0
7,25.0,mobile,13,21.0,1.0,1.0,1.0
8,26.0,mobile,13,22.0,166.0,168.0,1.0
9,192.0,mobile,13,190.0,3.0,5.0,3.0
10,195.0,mobile,13,195.0,5.0,2.0,5.0
11,200.0,mobile,13,197.0,2.0,2.0,2.0
