,time,event0,event1,event2,event3,event4,event5
0,0.0,mobile,11,0.0,1.0,3.0,1.0
1,1.0,mobile,11,3.0,3.0,1.0,3.0
2,4.0,mobile,11,4.0,1.0,5.0,1.0
3,5.0,mobile,11,9.0,5.0,3.0,5.0
4,10.0,mobile,11,12.0,13.0,12.0,3.0
5,23.0,mobile,11,24.0,2.0,5.0,2.0
6,25.0,mobile,11,29.0,5.0,3.0,5.0
7,30.0,mobile,11,32.0,3.0,3.0,3.0
8,33.0,mobile,11,35.0,3.0,1.0,3.0
9,36.0,mobile,11,36.0,1.0,1.0,1.0
