,time,event0,event1,event2,event3,event4,event5
0,0.0,desktop,12,0.0,1.0,2.0,1.0
1,1.0,desktop,12,2.0,2.0,1.0,2.0
2,3.0,desktop,12,3.0,1.0,2.0,1.0
3,4.0,desktop,12,5.0,2.0,2.0,2.0
4,6.0,desktop,12,7.0,115.0,117.0,2.0
5,121.0,desktop,12,124.0,4.0,2.0,4.0
6,125.0,desktop,12,126.0,2.0,2.0,2.0
7,127.0,desktop,12,128.0,2.0,3.0,2.0
8,129.0,desktop,12,131.0,3.0,3.0,3.0
9,132.0,desktop,12,134.0,3.0,2.0,3.0
10,135.0,desktop,12,136.0,2.0,2.0,2.0
