,time,event0,event1,event2,event3,event4,event5
0,0.0,mobile,13,0.0,1.0,1.0,1.0
1,1.0,mobile,13,1.0,1.0,3.0,1.0
2,2.0,desktop,13,4.0,3.0,1.0,3.0
3,5.0,mobile,13,5.0,35.0,35.0,1.0
4,40.0,desktop,13,40.0,1.0,1.0,1.0
5,41.0,desktop,13,41.0,1.0,5.0,1.0
6,42.0,mobile,13,46.0,5.0,1.0,5.0
7,47.0,desktop,13,47.0,78.0,79.0,1.0
8,125.0,desktop,13,126.0,2.0,2.0,2.0
9,127.0,desktop,13,128.0,2.0,3.0,2.0
10,129.0,desktop,13,131.0,3.0,2.0,3.0
11,132.0,desktop,13,133.0,2.0,1.0,2.0
