,time,event0,event1,event2,event3,event4,event5
0,0.0,desktop,14,0.0,2.0,1.0,2.0
1,2.0,desktop,14,1.0,1.0,3.0,1.0
2,3.0,mobile,14,4.0,3.0,3.0,3.0
3,6.0,mobile,14,7.0,3.0,1.0,3.0
4,9.0,mobile,14,8.0,1.0,1.0,1.0
5,10.0,mobile,14,9.0,1.0,1.0,1.0
6,11.0,mobile,14,10.0,2.0,5.0,1.0
7,13.0,tablet,14,15.0,250.0,247.0,4.0
8,263.0,mobile,14,262.0,1.0,1.0,1.0
9,264.0,mobile,14,263.0,1.0,1.0,1.0
10,265.0,mobile,14,264.0,1.0,1.0,1.0
11,266.0,mobile,14,265.0,1.0,2.0,1.0
12,267.0,mobile,14,267.0,2.0,2.0,2.0
