,time,event0,event1,event2,event3,event4,event5
0,0.0,tablet,13,0.0,1.0,1.0,1.0
1,1.0,mobile,13,1.0,1.0,2.0,1.0
2,2.0,mobile,13,3.0,2.0,1.0,2.0
3,4.0,mobile,13,4.0,1.0,1.0,1.0
4,5.0,mobile,13,5.0,1.0,1.0,1.0
5,6.0,mobile,13,6.0,150.0,154.0,1.0
6,156.0,tablet,13,160.0,5.0,2.0,5.0
7,161.0,tablet,13,162.0,2.0,3.0,2.0
8,163.0,tablet,13,165.0,3.0,7.0,3.0
9,166.0,tablet,13,172.0,7.0,14.0,7.0
10,173.0,mobile,13,186.0,14.0,2.0,14.0
11,187.0,tablet,13,188.0,2.0,2.0,2.0
