,time,event0,event1,event2,event3,event4,event5
0,0.0,desktop,11,0.0,2.0,3.0,2.0
1,2.0,desktop,11,3.0,3.0,3.0,3.0
2,5.0,desktop,11,6.0,3.0,2.0,3.0
3,8.0,desktop,11,8.0,2.0,1.0,2.0
4,10.0,desktop,11,9.0,1.0,1.0,1.0
5,11.0,desktop,11,10.0,111.0,111.0,1.0
6,122.0,desktop,11,121.0,1.0,1.0,1.0
7,123.0,desktop,11,122.0,1.0,9.0,1.0
8,124.0,desktop,11,131.0,9.0,1.0,9.0
9,133.0,desktop,11,132.0,1.0,1.0,1.0
