,time,event0,event1,event2,event3,event4,event5
0,0.0,mobile,12,0.0,3.0,2.0,3.0
1,3.0,mobile,12,2.0,2.0,2.0,2.0
2,5.0,mobile,12,4.0,2.0,4.0,2.0
3,7.0,mobile,12,8.0,64.0,64.0,4.0
4,71.0,mobile,12,72.0,4.0,2.0,4.0
5,75.0,mobile,12,74.0,2.0,2.0,2.0
6,77.0,mobile,12,76.0,2.0,1.0,2.0
7,79.0,mobile,12,77.0,12.0,12.0,1.0
8,91.0,mobile,12,89.0,1.0,3.0,1.0
9,92.0,mobile,12,92.0,3.0,2.0,3.0
10,95.0,mobile,12,94.0,2.0,1.0,2.0
