,time,event0,event1,event2,event3,event4,event5
0,0.0,desktop,12,0.0,5.0,3.0,5.0
1,5.0,desktop,12,3.0,3.0,3.0,3.0
2,8.0,desktop,12,6.0,3.0,2.0,3.0
3,11.0,desktop,12,8.0,2.0,1.0,2.0
4,13.0,desktop,12,9.0,180.0,181.0,1.0
5,193.0,desktop,12,190.0,2.0,3.0,2.0
6,195.0,desktop,12,193.0,3.0,1.0,3.0
7,198.0,desktop,12,194.0,1.0,1.0,1.0
8,199.0,desktop,12,195.0,1.0,2.0,1.0
9,200.0,desktop,12,197.0,2.0,2.0,2.0
10,202.0,desktop,12,199.0,2.0,3.0,2.0
