,time,event0,event1,event2,event3,event4,event5
0,0.0,mobile,13,0.0,1.0,3.0,1.0
1,1.0,mobile,13,3.0,3.0,1.0,3.0
2,4.0,mobile,13,4.0,1.0,3.0,1.0
3,5.0,mobile,13,7.0,3.0,1.0,3.0
4,8.0,mobile,13,8.0,372.0,372.0,1.0
5,380.0,desktop,13,380.0,1.0,1.0,1.0
6,381.0,desktop,13,381.0,1.0,2.0,1.0
7,382.0,desktop,13,383.0,2.0,1.0,2.0
8,384.0,desktop,13,384.0,4.0,4.0,1.0
9,388.0,desktop,13,388.0,1.0,1.0,1.0
10,389.0,desktop,13,389.0,1.0,1.0,1.0
11,390.0,desktop,13,390.0,1.0,1.0,1.0
