,time,event0,event1,event2,event3,event4,event5
0,0.0,desktop,12,0.0,1.0,5.0,1.0
1,1.0,desktop,12,5.0,5.0,2.0,5.0
2,6.0,desktop,12,7.0,2.0,1.0,2.0
3,8.0,tablet,12,8.0,75.0,75.0,1.0
4,83.0,tablet,12,83.0,1.0,2.0,1.0
5,84.0,tablet,12,85.0,2.0,3.0,2.0
6,86.0,tablet,12,88.0,3.0,3.0,3.0
7,89.0,tablet,12,91.0,11.0,10.0,3.0
8,100.0,tablet,12,101.0,2.0,2.0,2.0
9,102.0,tablet,12,103.0,2.0,2.0,2.0
10,104.0,tablet,12,105.0,2.0,1.0,2.0
