,time,event0,event1,event2,event3,event4,event5
0,0.0,desktop,12,0.0,3.0,3.0,3.0
1,3.0,desktop,12,3.0,3.0,1.0,3.0
2,6.0,desktop,12,4.0,1.0,2.0,1.0
3,7.0,desktop,12,6.0,2.0,1.0,2.0
4,9.0,desktop,12,7.0,1.0,1.0,1.0
5,10.0,desktop,12,8.0,1.0,4.0,1.0
6,11.0,desktop,12,12.0,148.0,146.0,4.0
7,159.0,desktop,12,158.0,2.0,1.0,2.0
8,161.0,desktop,12,159.0,1.0,1.0,1.0
9,162.0,desktop,12,160.0,1.0,2.0,1.0
10,163.0,desktop,12,162.0,2.0,3.0,2.0
