,time,event0,event1,event2,event3,event4,event5
0,0.0,desktop,11,0.0,2.0,4.0,2.0
1,2.0,desktop,11,4.0,4.0,3.0,4.0
2,6.0,mobile,11,7.0,3.0,1.0,3.0
3,9.0,mobile,11,8.0,1.0,2.0,1.0
4,10.0,mobile,11,10.0,155.0,154.0,2.0
5,165.0,desktop,11,164.0,1.0,2.0,1.0
6,166.0,mobile,11,166.0,2.0,1.0,2.0
7,168.0,mobile,11,167.0,1.0,1.0,1.0
8,169.0,mobile,11,168.0,1.0,1.0,1.0
9,170.0,mobile,11,169.0,1.0,1.0,1.0
