,time,event0,event1,event2,event3,event4,event5
0,0.0,desktop,12,0.0,3.0,1.0,3.0
1,3.0,desktop,12,1.0,1.0,2.0,1.0
2,4.0,desktop,12,3.0,2.0,1.0,2.0
3,6.0,desktop,12,4.0,1.0,2.0,1.0
4,7.0,desktop,12,6.0,85.0,84.0,2.0
5,92.0,desktop,12,90.0,1.0,1.0,1.0
6,93.0,desktop,12,91.0,1.0,3.0,1.0
7,94.0,desktop,12,94.0,3.0,2.0,3.0
8,97.0,desktop,12,96.0,2.0,4.0,2.0
9,99.0,desktop,12,100.0,4.0,3.0,4.0
10,103.0,desktop,12,103.0,3.0,1.0,3.0
