,time,event0,event1,event2,event3,event4,event5
0,0.0,desktop,12,0.0,2.0,10.0,2.0
1,2.0,desktop,12,10.0,10.0,1.0,10.0
2,12.0,desktop,12,11.0,1.0,1.0,1.0
3,13.0,desktop,12,12.0,1.0,1.0,1.0
4,14.0,desktop,12,13.0,1.0,1.0,1.0
5,15.0,desktop,12,14.0,1.0,1.0,1.0
6,16.0,desktop,12,15.0,26.0,26.0,1.0
7,42.0,desktop,12,41.0,1.0,3.0,1.0
8,43.0,desktop,12,44.0,3.0,2.0,3.0
9,46.0,desktop,12,46.0,2.0,3.0,2.0
10,48.0,desktop,12,49.0,3.0,3.0,3.0
