,time,event0,event1,event2,event3,event4,event5
0,0.0,mobile,12,0.0,2.0,4.0,2.0
1,2.0,mobile,12,4.0,4.0,3.0,4.0
2,6.0,mobile,12,7.0,3.0,1.0,3.0
3,9.0,mobile,12,8.0,49.0,49.0,1.0
4,58.0,mobile,12,57.0,1.0,1.0,1.0
5,59.0,mobile,12,58.0,1.0,1.0,1.0
6,60.0,mobile,12,59.0,1.0,1.0,1.0
7,61.0,mobile,12,60.0,1.0,1.0,1.0
8,62.0,mobile,12,61.0,1.0,1.0,1.0
9,63.0,mobile,12,62.0,1.0,1.0,1.0
10,64.0,mobile,12,63.0,1.0,1.0,1.0
