,time,event0,event1,event2,event3,event4,event5
0,0.0,desktop,13,0.0,1.0,14.0,1.0
1,1.0,desktop,13,14.0,14.0,4.0,14.0
2,15.0,desktop,13,18.0,4.0,2.0,4.0
3,19.0,desktop,13,20.0,56.0,59.0,2.0
4,75.0,desktop,13,79.0,5.0,3.0,5.0
5,80.0,desktop,13,82.0,3.0,1.0,3.0
6,83.0,desktop,13,83.0,1.0,3.0,1.0
7,84.0,desktop,13,86.0,3.0,4.0,3.0
8,87.0,desktop,13,90.0,4.0,3.0,4.0
9,91.0,desktop,13,93.0,3.0,2.0,3.0
10,94.0,desktop,13,95.0,2.0,1.0,2.0
11,96.0,desktop,13,96.0,1.0,1.0,1.0
