,time,event0,event1,event2,event3,event4,event5
0,0.0,desktop,12,0.0,1.0,2.0,1.0
1,1.0,desktop,12,2.0,2.0,2.0,2.0
2,3.0,desktop,12,4.0,2.0,2.0,2.0
3,5.0,desktop,12,6.0,2.0,2.0,2.0
4,7.0,desktop,12,8.0,81.0,84.0,2.0
5,88.0,desktop,12,92.0,5.0,1.0,5.0
6,93.0,desktop,12,93.0,1.0,1.0,1.0
7,94.0,desktop,12,94.0,1.0,2.0,1.0
8,95.0,desktop,12,96.0,2.0,3.0,2.0
9,97.0,desktop,12,99.0,3.0,3.0,3.0
10,100.0,desktop,12,102.0,3.0,3.0,3.0
