,time,event0,event1,event2,event3,event4,event5
0,0.0,desktop,11,0.0,3.0,2.0,3.0
1,3.0,desktop,11,2.0,2.0,1.0,2.0
2,5.0,desktop,11,3.0,1.0,4.0,1.0
3,6.0,desktop,11,7.0,4.0,1.0,4.0
4,10.0,desktop,11,8.0,5.0,6.0,1.0
5,15.0,desktop,11,14.0,2.0,1.0,2.0
6,17.0,desktop,11,15.0,1.0,1.0,1.0
7,18.0,desktop,11,16.0,1.0,2.0,1.0
8,19.0,mobile,11,18.0,2.0,1.0,2.0
9,21.0,mobile,11,19.0,1.0,2.0,1.0
