,time,event0,event1,event2,event3,event4,event5
0,0.0,desktop,13,0.0,2.0,1.0,2.0
1,2.0,desktop,13,1.0,1.0,1.0,1.0
2,3.0,desktop,13,2.0,1.0,1.0,1.0
3,4.0,desktop,13,3.0,1.0,3.0,1.0
4,5.0,desktop,13,6.0,128.0,129.0,3.0
5,133.0,desktop,13,135.0,4.0,2.0,4.0
6,137.0,desktop,13,137.0,2.0,3.0,2.0
7,139.0,desktop,13,140.0,3.0,2.0,3.0
8,142.0,desktop,13,142.0,2.0,1.0,2.0
9,144.0,desktop,13,143.0,1.0,2.0,1.0
10,145.0,desktop,13,145.0,2.0,3.0,2.0
11,147.0,desktop,13,148.0,3.0,2.0,3.0
