,time,event0,event1,event2,event3,event4,event5
0,0.0,desktop,12,0.0,1.0,3.0,1.0
1,1.0,desktop,12,3.0,3.0,3.0,3.0
2,4.0,desktop,12,6.0,3.0,2.0,3.0
3,7.0,desktop,12,8.0,164.0,165.0,2.0
4,171.0,desktop,12,173.0,3.0,3.0,3.0
5,174.0,desktop,12,176.0,3.0,3.0,3.0
6,177.0,desktop,12,179.0,3.0,2.0,3.0
7,180.0,desktop,12,181.0,80.0,80.0,2.0
8,260.0,desktop,12,261.0,2.0,2.0,2.0
9,262.0,desktop,12,263.0,2.0,1.0,2.0
10,264.0,desktop,12,264.0,1.0,2.0,1.0
