,time,event0,event1,event2,event3,event4,event5
0,0.0,desktop,13,0.0,2.0,1.0,2.0
1,2.0,desktop,13,1.0,1.0,1.0,1.0
2,3.0,desktop,13,2.0,1.0,1.0,1.0
3,4.0,desktop,13,3.0,45.0,45.0,1.0
4,49.0,desktop,13,48.0,1.0,1.0,1.0
5,50.0,desktop,13,49.0,1.0,1.0,1.0
6,51.0,desktop,13,50.0,1.0,1.0,1.0
7,52.0,desktop,13,51.0,1.0,1.0,1.0
8,53.0,desktop,13,52.0,118.0,118.0,1.0
9,171.0,desktop,13,170.0,1.0,3.0,1.0
10,172.0,desktop,13,173.0,5.0,3.0,3.0
11,177.0,desktop,13,176.0,1.0,1.0,1.0
