,time,event0,event1,event2,event3,event4,event5
0,0.0,mobile,11,0.0,1.0,2.0,1.0
1,1.0,mobile,11,2.0,2.0,2.0,2.0
2,3.0,desktop,11,4.0,2.0,1.0,2.0
3,5.0,mobile,11,5.0,1.0,1.0,1.0
4,6.0,desktop,11,6.0,1.0,2.0,1.0
5,7.0,mobile,11,8.0,59.0,61.0,2.0
6,66.0,desktop,11,69.0,4.0,3.0,4.0
7,70.0,desktop,11,72.0,3.0,2.0,3.0
8,73.0,desktop,11,74.0,2.0,3.0,2.0
9,75.0,desktop,11,77.0,3.0,4.0,3.0
