,time,event0,event1,event2,event3,event4,event5
0,0.0,desktop,12,0.0,2.0,1.0,2.0
1,2.0,desktop,12,1.0,1.0,4.0,1.0
2,3.0,desktop,12,5.0,4.0,1.0,4.0
3,7.0,desktop,12,6.0,1.0,3.0,1.0
4,8.0,desktop,12,9.0,3.0,1.0,3.0
5,11.0,desktop,12,10.0,266.0,268.0,1.0
6,277.0,desktop,12,278.0,3.0,1.0,3.0
7,280.0,desktop,12,279.0,1.0,3.0,1.0
8,281.0,desktop,12,282.0,3.0,2.0,3.0
9,284.0,desktop,12,284.0,2.0,3.0,2.0
10,286.0,desktop,12,287.0,3.0,1.0,3.0
