,time,event0,event1,event2,event3,event4,event5
0,0.0,desktop,12,0.0,4.0,1.0,4.0
1,4.0,desktop,12,1.0,1.0,1.0,1.0
2,5.0,desktop,12,2.0,1.0,5.0,1.0
3,6.0,desktop,12,7.0,5.0,1.0,5.0
4,11.0,desktop,12,8.0,1.0,3.0,1.0
5,12.0,desktop,12,11.0,3.0,1.0,3.0
6,15.0,desktop,12,12.0,5.0,6.0,1.0
7,20.0,tablet,12,18.0,2.0,1.0,2.0
8,22.0,tablet,12,19.0,1.0,1.0,1.0
9,23.0,tablet,12,20.0,1.0,3.0,1.0
10,24.0,tablet,12,23.0,3.0,3.0,3.0
