,time,event0,event1,event2,event3,event4,event5
0,0.0,mobile,14,0.0,2.0,1.0,2.0
1,2.0,mobile,14,1.0,1.0,1.0,1.0
2,3.0,mobile,14,2.0,1.0,2.0,1.0
3,4.0,mobile,14,4.0,67.0,67.0,2.0
4,71.0,desktop,14,71.0,2.0,1.0,2.0
5,73.0,desktop,14,72.0,7.0,8.0,1.0
6,80.0,desktop,14,80.0,2.0,1.0,2.0
7,82.0,desktop,14,81.0,1.0,1.0,1.0
8,83.0,desktop,14,82.0,1.0,1.0,1.0
9,84.0,desktop,14,83.0,15.0,16.0,1.0
10,99.0,mobile,14,99.0,2.0,1.0,2.0
11,101.0,mobile,14,100.0,1.0,1.0,1.0
12,102.0,mobile,14,101.0,1.0,2.0,1.0
