,time,event0,event1,event2,event3,event4,event5
0,0.0,desktop,11,0.0,7.0,1.0,7.0
1,7.0,mobile,11,1.0,1.0,2.0,1.0
2,8.0,desktop,11,3.0,2.0,1.0,2.0
3,10.0,desktop,11,4.0,1.0,2.0,1.0
4,11.0,desktop,11,6.0,2.0,1.0,2.0
5,13.0,desktop,11,7.0,4.0,6.0,1.0
6,17.0,desktop,11,13.0,3.0,3.0,3.0
7,20.0,desktop,11,16.0,3.0,3.0,3.0
8,23.0,desktop,11,19.0,3.0,3.0,3.0
9,26.0,mobile,11,22.0,3.0,3.0,3.0
