,time,event0,event1,event2,event3,event4,event5
0,0.0,desktop,12,0.0,1.0,1.0,1.0
1,1.0,mobile,12,1.0,1.0,1.0,1.0
2,2.0,mobile,12,2.0,1.0,1.0,1.0
3,3.0,mobile,12,3.0,1.0,1.0,1.0
4,4.0,mobile,12,4.0,2.0,2.0,1.0
5,6.0,mobile,12,6.0,8.0,8.0,1.0
6,14.0,mobile,12,14.0,1.0,3.0,1.0
7,15.0,mobile,12,17.0,3.0,2.0,3.0
8,18.0,mobile,12,19.0,2.0,1.0,2.0
9,20.0,mobile,12,20.0,1.0,4.0,1.0
10,21.0,mobile,12,24.0,4.0,1.0,4.0
