,time,event0,event1,event2,event3,event4,event5
0,0.0,mobile,12,0.0,6.0,5.0,6.0
1,6.0,desktop,12,5.0,5.0,1.0,5.0
2,11.0,tablet,12,6.0,1.0,6.0,1.0
3,12.0,tablet,12,12.0,6.0,1.0,6.0
4,18.0,tablet,12,13.0,1.0,5.0,1.0
5,19.0,tablet,12,18.0,5.0,2.0,5.0
6,24.0,desktop,12,20.0,9.0,14.0,2.0
7,33.0,desktop,12,34.0,64.0,58.0,7.0
8,97.0,desktop,12,92.0,1.0,1.0,1.0
9,98.0,tablet,12,93.0,1.0,1.0,1.0
10,99.0,tablet,12,94.0,1.0,1.0,1.0
