,time,event0,event1,event2,event3,event4,event5
0,0.0,desktop,13,0.0,7.0,2.0,7.0
1,7.0,mobile,13,2.0,2.0,3.0,2.0
2,9.0,mobile,13,5.0,3.0,3.0,3.0
3,12.0,mobile,13,8.0,295.0,294.0,3.0
4,307.0,desktop,13,302.0,2.0,1.0,2.0
5,309.0,desktop,13,303.0,1.0,3.0,1.0
6,310.0,desktop,13,306.0,3.0,1.0,3.0
7,313.0,desktop,13,307.0,1.0,1.0,1.0
8,314.0,desktop,13,308.0,1.0,1.0,1.0
9,315.0,desktop,13,309.0,1.0,1.0,1.0
10,316.0,desktop,13,310.0,1.0,2.0,1.0
11,317.0,desktop,13,312.0,2.0,2.0,2.0
