,time,event0,event1,event2,event3,event4,event5
0,0.0,desktop,11,0.0,3.0,2.0,3.0
1,3.0,desktop,11,2.0,2.0,2.0,2.0
2,5.0,desktop,11,4.0,2.0,1.0,2.0
3,7.0,desktop,11,5.0,1.0,1.0,1.0
4,8.0,desktop,11,6.0,1.0,2.0,1.0
5,9.0,desktop,11,8.0,2.0,5.0,2.0
6,11.0,mobile,11,13.0,103.0,102.0,5.0
7,114.0,desktop,11,115.0,4.0,2.0,4.0
8,118.0,desktop,11,117.0,2.0,2.0,2.0
9,120.0,desktop,11,119.0,2.0,1.0,2.0
