,time,event0,event1,event2,event3,event4,event5
0,0.0,mobile,11,0.0,1.0,3.0,1.0
1,1.0,mobile,11,3.0,3.0,7.0,3.0
2,4.0,mobile,11,10.0,7.0,4.0,7.0
3,11.0,mobile,11,14.0,4.0,1.0,4.0
4,15.0,mobile,11,15.0,104.0,104.0,1.0
5,119.0,mobile,11,119.0,1.0,1.0,1.0
6,120.0,mobile,11,120.0,1.0,4.0,1.0
7,121.0,mobile,11,124.0,4.0,4.0,4.0
8,125.0,mobile,11,128.0,4.0,4.0,4.0
9,129.0,mobile,11,132.0,4.0,2.0,4.0
