,time,event0,event1,event2,event3,event4,event5
0,0.0,desktop,13,0.0,1.0,2.0,1.0
1,1.0,desktop,13,2.0,2.0,1.0,2.0
2,3.0,desktop,13,3.0,1.0,1.0,1.0
3,4.0,desktop,13,4.0,22.0,24.0,1.0
4,26.0,desktop,13,28.0,3.0,3.0,3.0
5,29.0,mobile,13,31.0,3.0,1.0,3.0
6,32.0,mobile,13,32.0,1.0,1.0,1.0
7,33.0,desktop,13,33.0,1.0,1.0,1.0
8,34.0,mobile,13,34.0,1.0,3.0,1.0
9,35.0,desktop,13,37.0,3.0,1.0,3.0
10,38.0,desktop,13,38.0,1.0,6.0,1.0
11,39.0,mobile,13,44.0,6.0,2.0,6.0
