,time,event0,event1,event2,event3,event4,event5
0,0.0,desktop,12,0.0,4.0,4.0,4.0
1,4.0,desktop,12,4.0,4.0,3.0,4.0
2,8.0,desktop,12,7.0,3.0,3.0,3.0
3,11.0,desktop,12,10.0,3.0,3.0,3.0
4,14.0,desktop,12,13.0,3.0,1.0,3.0
5,17.0,desktop,12,14.0,1.0,2.0,1.0
6,18.0,desktop,12,16.0,2.0,1.0,2.0
7,20.0,desktop,12,17.0,82.0,84.0,1.0
8,102.0,desktop,12,101.0,3.0,3.0,3.0
9,105.0,desktop,12,104.0,3.0,2.0,3.0
10,108.0,desktop,12,106.0,2.0,1.0,2.0
