,time,event0,event1,event2,event3,event4,event5
0,0.0,desktop,11,0.0,2.0,2.0,2.0
1,2.0,desktop,11,2.0,2.0,1.0,2.0
2,4.0,desktop,11,3.0,1.0,3.0,1.0
3,5.0,desktop,11,6.0,3.0,3.0,3.0
4,8.0,desktop,11,9.0,3.0,4.0,3.0
5,11.0,desktop,11,13.0,223.0,220.0,4.0
6,234.0,desktop,11,233.0,1.0,1.0,1.0
7,235.0,desktop,11,234.0,1.0,1.0,1.0
8,236.0,desktop,11,235.0,1.0,1.0,1.0
9,237.0,desktop,11,236.0,1.0,3.0,1.0
