,time,event0,event1,event2,event3,event4,event5
0,0.0,mobile,13,0.0,1.0,5.0,1.0
1,1.0,mobile,13,5.0,5.0,1.0,5.0
2,6.0,mobile,13,6.0,1.0,1.0,1.0
3,7.0,mobile,13,7.0,1.0,1.0,1.0
4,8.0,mobile,13,8.0,16.0,18.0,1.0
5,24.0,desktop,13,26.0,3.0,1.0,3.0
6,27.0,desktop,13,27.0,1.0,3.0,1.0
7,28.0,desktop,13,30.0,3.0,3.0,3.0
8,31.0,mobile,13,33.0,3.0,1.0,3.0
9,34.0,tablet,13,34.0,1.0,2.0,1.0
10,35.0,desktop,13,36.0,2.0,1.0,2.0
11,37.0,desktop,13,37.0,1.0,1.0,1.0
