,time,event0,event1,event2,event3,event4,event5
0,0.0,desktop,12,0.0,1.0,2.0,1.0
1,1.0,desktop,12,2.0,2.0,2.0,2.0
2,3.0,desktop,12,4.0,2.0,3.0,2.0
3,5.0,desktop,12,7.0,100.0,98.0,3.0
4,105.0,desktop,12,105.0,1.0,2.0,1.0
5,106.0,desktop,12,107.0,2.0,3.0,2.0
6,108.0,desktop,12,110.0,3.0,2.0,3.0
7,111.0,desktop,12,112.0,127.0,126.0,2.0
8,238.0,desktop,12,238.0,1.0,3.0,1.0
9,239.0,desktop,12,241.0,3.0,3.0,3.0
10,242.0,desktop,12,244.0,3.0,2.0,3.0
