,time,event0,event1,event2,event3,event4,event5
0,0.0,tablet,12,0.0,1.0,1.0,1.0
1,1.0,tablet,12,1.0,1.0,1.0,1.0
2,2.0,tablet,12,2.0,1.0,1.0,1.0
3,3.0,tablet,12,3.0,1.0,3.0,1.0
4,4.0,tablet,12,6.0,82.0,82.0,3.0
5,86.0,desktop,12,88.0,3.0,5.0,3.0
6,89.0,desktop,12,93.0,5.0,2.0,5.0
7,94.0,desktop,12,95.0,2.0,4.0,2.0
8,96.0,desktop,12,99.0,4.0,4.0,4.0
9,100.0,desktop,12,103.0,4.0,2.0,4.0
10,104.0,desktop,12,105.0,2.0,3.0,2.0
