,time,event0,event1,event2,event3,event4,event5
0,0.0,desktop,12,0.0,3.0,2.0,3.0
1,3.0,desktop,12,2.0,2.0,3.0,2.0
2,5.0,desktop,12,5.0,3.0,5.0,3.0
3,8.0,desktop,12,10.0,89.0,85.0,5.0
4,97.0,desktop,12,95.0,1.0,3.0,1.0
5,98.0,desktop,12,98.0,3.0,4.0,3.0
6,101.0,desktop,12,102.0,4.0,4.0,4.0
7,105.0,desktop,12,106.0,7.0,5.0,4.0
8,112.0,tablet,12,111.0,2.0,2.0,2.0
9,114.0,tablet,12,113.0,2.0,1.0,2.0
10,116.0,desktop,12,114.0,1.0,3.0,1.0
