,time,event0,event1,event2,event3,event4,event5
0,0.0,desktop,14,0.0,3.0,1.0,3.0
1,3.0,desktop,14,1.0,1.0,2.0,1.0
2,4.0,desktop,14,3.0,2.0,3.0,2.0
3,6.0,desktop,14,6.0,3.0,2.0,3.0
4,9.0,desktop,14,8.0,2.0,4.0,2.0
5,11.0,desktop,14,12.0,4.0,1.0,4.0
6,15.0,desktop,14,13.0,1.0,1.0,1.0
7,16.0,desktop,14,14.0,88.0,90.0,1.0
8,104.0,desktop,14,104.0,3.0,2.0,3.0
9,107.0,desktop,14,106.0,2.0,1.0,2.0
10,109.0,desktop,14,107.0,1.0,1.0,1.0
11,110.0,desktop,14,108.0,1.0,1.0,1.0
12,111.0,desktop,14,109.0,1.0,2.0,1.0
