,time,event0,event1,event2,event3,event4,event5
0,0.0,desktop,11,0.0,6.0,7.0,6.0
1,6.0,tablet,11,7.0,7.0,1.0,7.0
2,13.0,desktop,11,8.0,1.0,2.0,1.0
3,14.0,desktop,11,10.0,2.0,1.0,2.0
4,16.0,desktop,11,11.0,17.0,18.0,1.0
5,33.0,tablet,11,29.0,2.0,2.0,2.0
6,35.0,tablet,11,31.0,2.0,1.0,2.0
7,37.0,tablet,11,32.0,1.0,2.0,1.0
8,38.0,tablet,11,34.0,2.0,1.0,2.0
9,40.0,desktop,11,35.0,1.0,1.0,1.0
