,time,event0,event1,event2,event3,event4,event5
0,0.0,desktop,11,0.0,1.0,2.0,1.0
1,1.0,desktop,11,2.0,2.0,6.0,2.0
2,3.0,desktop,11,8.0,6.0,3.0,6.0
3,9.0,desktop,11,11.0,3.0,4.0,3.0
4,12.0,desktop,11,15.0,4.0,8.0,4.0
5,16.0,desktop,11,23.0,8.0,1.0,8.0
6,24.0,desktop,11,24.0,133.0,135.0,1.0
7,157.0,desktop,11,159.0,3.0,2.0,3.0
8,160.0,desktop,11,161.0,2.0,4.0,2.0
9,162.0,desktop,11,165.0,4.0,1.0,4.0
