,time,event0,event1,event2,event3,event4,event5
0,0.0,mobile,14,0.0,2.0,3.0,2.0
1,2.0,mobile,14,3.0,3.0,4.0,3.0
2,5.0,mobile,14,7.0,4.0,1.0,4.0
3,9.0,mobile,14,8.0,1.0,1.0,1.0
4,10.0,mobile,14,9.0,1.0,3.0,1.0
5,11.0,mobile,14,12.0,3.0,1.0,3.0
6,14.0,mobile,14,13.0,1.0,16.0,1.0
7,15.0,desktop,14,29.0,16.0,1.0,16.0
8,31.0,mobile,14,30.0,1.0,1.0,1.0
9,32.0,mobile,14,31.0,66.0,66.0,1.0
10,98.0,mobile,14,97.0,1.0,2.0,1.0
11,99.0,mobile,14,99.0,2.0,1.0,2.0
12,101.0,mobile,14,100.0,1.0,1.0,1.0
