,time,event0,event1,event2,event3,event4,event5
0,0.0,desktop,14,0.0,3.0,2.0,3.0
1,3.0,desktop,14,2.0,2.0,2.0,2.0
2,5.0,desktop,14,4.0,2.0,2.0,2.0
3,7.0,desktop,14,6.0,2.0,2.0,2.0
4,9.0,desktop,14,8.0,2.0,2.0,2.0
5,11.0,desktop,14,10.0,2.0,1.0,2.0
6,13.0,desktop,14,11.0,11.0,12.0,1.0
7,24.0,desktop,14,23.0,2.0,3.0,2.0
8,26.0,desktop,14,26.0,3.0,2.0,3.0
9,29.0,desktop,14,28.0,2.0,2.0,2.0
10,31.0,desktop,14,30.0,2.0,7.0,2.0
11,33.0,desktop,14,37.0,7.0,3.0,7.0
12,40.0,desktop,14,40.0,3.0,1.0,3.0
