,time,event0,event1,event2,event3,event4,event5
0,0.0,mobile,12,0.0,2.0,1.0,2.0
1,2.0,mobile,12,1.0,1.0,2.0,1.0
2,3.0,mobile,12,3.0,2.0,4.0,2.0
3,5.0,mobile,12,7.0,78.0,75.0,4.0
4,83.0,mobile,12,82.0,1.0,2.0,1.0
5,84.0,mobile,12,84.0,2.0,1.0,2.0
6,86.0,mobile,12,85.0,1.0,2.0,1.0
7,87.0,mobile,12,87.0,2.0,2.0,2.0
8,89.0,mobile,12,89.0,2.0,1.0,2.0
9,91.0,mobile,12,90.0,1.0,3.0,1.0
10,92.0,mobile,12,93.0,3.0,4.0,3.0
