,time,event0,event1,event2,event3,event4,event5
0,0.0,mobile,12,0.0,3.0,1.0,3.0
1,3.0,mobile,12,1.0,1.0,4.0,1.0
2,4.0,mobile,12,5.0,4.0,3.0,4.0
3,8.0,mobile,12,8.0,113.0,114.0,3.0
4,121.0,desktop,12,122.0,4.0,2.0,4.0
5,125.0,mobile,12,124.0,2.0,1.0,2.0
6,127.0,mobile,12,125.0,1.0,1.0,1.0
7,128.0,mobile,12,126.0,101.0,101.0,1.0
8,229.0,mobile,12,227.0,1.0,1.0,1.0
9,230.0,mobile,12,228.0,1.0,1.0,1.0
10,231.0,mobile,12,229.0,1.0,1.0,1.0
