,time,event0,event1,event2,event3,event4,event5
0,0.0,desktop,12,0.0,1.0,1.0,1.0
1,1.0,desktop,12,1.0,1.0,2.0,1.0
2,2.0,desktop,12,3.0,2.0,2.0,2.0
3,4.0,desktop,12,5.0,2.0,1.0,2.0
4,6.0,desktop,12,6.0,47.0,48.0,1.0
5,53.0,desktop,12,54.0,2.0,1.0,2.0
6,55.0,desktop,12,55.0,1.0,1.0,1.0
7,56.0,desktop,12,56.0,1.0,4.0,1.0
8,57.0,desktop,12,60.0,4.0,2.0,4.0
9,61.0,desktop,12,62.0,2.0,3.0,2.0
10,63.0,desktop,12,65.0,3.0,3.0,3.0
