,time,event0,event1,event2,event3,event4,event5
0,0.0,desktop,11,0.0,4.0,1.0,4.0
1,4.0,tablet,11,1.0,1.0,2.0,1.0
2,5.0,tablet,11,3.0,2.0,2.0,2.0
3,7.0,tablet,11,5.0,2.0,2.0,2.0
4,9.0,tablet,11,7.0,2.0,3.0,2.0
5,11.0,tablet,11,10.0,3.0,4.0,3.0
6,14.0,tablet,11,14.0,4.0,5.0,4.0
7,18.0,desktop,11,19.0,5.0,1.0,5.0
8,23.0,tablet,11,20.0,1.0,2.0,1.0
9,24.0,tablet,11,22.0,2.0,3.0,2.0
