,time,event0,event1,event2,event3,event4,event5
0,0.0,mobile,12,0.0,2.0,1.0,2.0
1,2.0,mobile,12,1.0,1.0,4.0,1.0
2,3.0,mobile,12,5.0,4.0,3.0,4.0
3,7.0,mobile,12,8.0,3.0,1.0,3.0
4,10.0,mobile,12,9.0,1.0,1.0,1.0
5,11.0,mobile,12,10.0,1.0,2.0,1.0
6,12.0,mobile,12,12.0,214.0,216.0,2.0
7,226.0,mobile,12,228.0,4.0,2.0,4.0
8,230.0,mobile,12,230.0,2.0,2.0,2.0
9,232.0,mobile,12,232.0,2.0,3.0,2.0
10,234.0,mobile,12,235.0,3.0,2.0,3.0
