,time,event0,event1,event2,event3,event4,event5
0,0.0,desktop,13,0.0,1.0,5.0,1.0
1,1.0,desktop,13,5.0,5.0,3.0,5.0
2,6.0,desktop,13,8.0,3.0,3.0,3.0
3,9.0,desktop,13,11.0,3.0,4.0,3.0
4,12.0,desktop,13,15.0,4.0,2.0,4.0
5,16.0,desktop,13,17.0,2.0,1.0,2.0
6,18.0,desktop,13,18.0,1.0,3.0,1.0
7,19.0,desktop,13,21.0,3.0,2.0,3.0
8,22.0,desktop,13,23.0,3.0,4.0,2.0
9,25.0,desktop,13,27.0,3.0,2.0,3.0
10,28.0,desktop,13,29.0,2.0,2.0,2.0
11,30.0,desktop,13,31.0,2.0,1.0,2.0
