,time,event0,event1,event2,event3,event4,event5
0,0.0,tablet,12,0.0,1.0,5.0,1.0
1,1.0,mobile,12,5.0,5.0,4.0,5.0
2,6.0,mobile,12,9.0,4.0,3.0,4.0
3,10.0,mobile,12,12.0,3.0,3.0,3.0
4,13.0,desktop,12,15.0,3.0,3.0,3.0
5,16.0,desktop,12,18.0,136.0,140.0,3.0
6,152.0,desktop,12,158.0,7.0,2.0,7.0
7,159.0,desktop,12,160.0,2.0,2.0,2.0
8,161.0,desktop,12,162.0,2.0,2.0,2.0
9,163.0,desktop,12,164.0,2.0,1.0,2.0
10,165.0,desktop,12,165.0,1.0,1.0,1.0
