,time,event0,event1,event2,event3,event4,event5
0,0.0,desktop,11,0.0,3.0,1.0,3.0
1,3.0,desktop,11,1.0,1.0,4.0,1.0
2,4.0,desktop,11,5.0,4.0,1.0,4.0
3,8.0,desktop,11,6.0,1.0,6.0,1.0
4,9.0,desktop,11,12.0,6.0,5.0,6.0
5,15.0,desktop,11,17.0,5.0,3.0,5.0
6,20.0,desktop,11,20.0,33.0,31.0,3.0
7,53.0,desktop,11,51.0,1.0,1.0,1.0
8,54.0,desktop,11,52.0,1.0,2.0,1.0
9,55.0,desktop,11,54.0,2.0,1.0,2.0
