,time,event0,event1,event2,event3,event4,event5
0,0.0,desktop,11,0.0,5.0,2.0,5.0
1,5.0,desktop,11,2.0,2.0,3.0,2.0
2,7.0,desktop,11,5.0,3.0,4.0,3.0
3,10.0,desktop,11,9.0,4.0,1.0,4.0
4,14.0,mobile,11,10.0,1.0,1.0,1.0
5,15.0,mobile,11,11.0,1.0,1.0,1.0
6,16.0,mobile,11,12.0,1.0,1.0,1.0
7,17.0,tablet,11,13.0,1.0,3.0,1.0
8,18.0,tablet,11,16.0,3.0,2.0,3.0
9,21.0,tablet,11,18.0,2.0,1.0,2.0
