,time,event0,event1,event2,event3,event4,event5
0,0.0,desktop,13,0.0,5.0,3.0,5.0
1,5.0,desktop,13,3.0,3.0,1.0,3.0
2,8.0,desktop,13,4.0,1.0,1.0,1.0
3,9.0,desktop,13,5.0,1.0,2.0,1.0
4,10.0,desktop,13,7.0,2.0,1.0,2.0
5,12.0,desktop,13,8.0,1.0,1.0,1.0
6,13.0,desktop,13,9.0,169.0,170.0,1.0
7,182.0,desktop,13,179.0,2.0,4.0,2.0
8,184.0,desktop,13,183.0,4.0,1.0,4.0
9,188.0,desktop,13,184.0,1.0,1.0,1.0
10,189.0,desktop,13,185.0,1.0,2.0,1.0
11,190.0,desktop,13,187.0,2.0,1.0,2.0
