,time,event0,event1,event2,event3,event4,event5
0,0.0,tablet,14,0.0,2.0,2.0,2.0
1,2.0,tablet,14,2.0,2.0,2.0,2.0
2,4.0,tablet,14,4.0,2.0,1.0,2.0
3,6.0,tablet,14,5.0,1.0,1.0,1.0
4,7.0,tablet,14,6.0,85.0,87.0,1.0
5,92.0,tablet,14,93.0,3.0,1.0,3.0
6,95.0,tablet,14,94.0,1.0,1.0,1.0
7,96.0,tablet,14,95.0,1.0,2.0,1.0
8,97.0,tablet,14,97.0,2.0,3.0,2.0
9,99.0,tablet,14,100.0,3.0,2.0,3.0
10,102.0,tablet,14,102.0,2.0,4.0,2.0
11,104.0,mobile,14,106.0,4.0,2.0,4.0
12,108.0,tablet,14,108.0,2.0,2.0,2.0
