,time,event0,event1,event2,event3,event4,event5
0,0.0,mobile,12,0.0,1.0,3.0,1.0
1,1.0,mobile,12,3.0,3.0,2.0,3.0
2,4.0,tablet,12,5.0,2.0,5.0,2.0
3,6.0,tablet,12,10.0,5.0,5.0,5.0
4,11.0,tablet,12,15.0,5.0,1.0,5.0
5,16.0,desktop,12,16.0,1.0,8.0,1.0
6,17.0,mobile,12,24.0,8.0,3.0,8.0
7,25.0,mobile,12,27.0,124.0,122.0,3.0
8,149.0,mobile,12,149.0,1.0,1.0,1.0
9,150.0,desktop,12,150.0,1.0,1.0,1.0
10,151.0,desktop,12,151.0,1.0,3.0,1.0
