,time,event0,event1,event2,event3,event4,event5
0,0.0,desktop,11,0.0,1.0,1.0,1.0
1,1.0,desktop,11,1.0,1.0,2.0,1.0
2,2.0,desktop,11,3.0,2.0,1.0,2.0
3,4.0,desktop,11,4.0,1.0,1.0,1.0
4,5.0,desktop,11,5.0,1.0,3.0,1.0
5,6.0,desktop,11,8.0,3.0,2.0,3.0
6,9.0,desktop,11,10.0,132.0,135.0,2.0
7,141.0,desktop,11,145.0,5.0,5.0,5.0
8,146.0,desktop,11,150.0,5.0,4.0,5.0
9,151.0,desktop,11,154.0,4.0,2.0,4.0
