,time,event0,event1,event2,event3,event4,event5
0,0.0,desktop,12,0.0,1.0,4.0,1.0
1,1.0,desktop,12,4.0,4.0,2.0,4.0
2,5.0,desktop,12,6.0,2.0,2.0,2.0
3,7.0,desktop,12,8.0,2.0,1.0,2.0
4,9.0,desktop,12,9.0,1.0,5.0,1.0
5,10.0,desktop,12,14.0,85.0,83.0,5.0
6,95.0,desktop,12,97.0,3.0,1.0,3.0
7,98.0,desktop,12,98.0,1.0,2.0,1.0
8,99.0,desktop,12,100.0,2.0,3.0,2.0
9,101.0,desktop,12,103.0,3.0,3.0,3.0
10,104.0,desktop,12,106.0,3.0,3.0,3.0
