,time,event0,event1,event2,event3,event4,event5
0,0.0,desktop,11,0.0,1.0,5.0,1.0
1,1.0,desktop,11,5.0,5.0,2.0,5.0
2,6.0,desktop,11,7.0,2.0,3.0,2.0
3,8.0,desktop,11,10.0,3.0,4.0,3.0
4,11.0,desktop,11,14.0,4.0,3.0,4.0
5,15.0,desktop,11,17.0,3.0,3.0,3.0
6,18.0,desktop,11,20.0,331.0,329.0,3.0
7,349.0,desktop,11,349.0,1.0,2.0,1.0
8,350.0,desktop,11,351.0,2.0,1.0,2.0
9,352.0,desktop,11,352.0,1.0,3.0,1.0
