,time,event0,event1,event2,event3,event4,event5
0,0.0,desktop,12,0.0,3.0,1.0,3.0
1,3.0,desktop,12,1.0,1.0,2.0,1.0
2,4.0,desktop,12,3.0,2.0,4.0,2.0
3,6.0,desktop,12,7.0,4.0,1.0,4.0
4,10.0,desktop,12,8.0,1.0,2.0,1.0
5,11.0,desktop,12,10.0,2.0,1.0,2.0
6,13.0,desktop,12,11.0,84.0,85.0,1.0
7,97.0,desktop,12,96.0,2.0,1.0,2.0
8,99.0,desktop,12,97.0,1.0,1.0,1.0
9,100.0,desktop,12,98.0,1.0,1.0,1.0
10,101.0,desktop,12,99.0,1.0,1.0,1.0
