,time,event0,event1,event2,event3,event4,event5
0,0.0,mobile,12,0.0,1.0,2.0,1.0
1,1.0,desktop,12,2.0,2.0,5.0,2.0
2,3.0,desktop,12,7.0,5.0,4.0,5.0
3,8.0,desktop,12,11.0,4.0,1.0,4.0
4,12.0,desktop,12,12.0,1.0,1.0,1.0
5,13.0,mobile,12,13.0,1.0,1.0,1.0
6,14.0,desktop,12,14.0,45.0,45.0,1.0
7,59.0,desktop,12,59.0,1.0,1.0,1.0
8,60.0,desktop,12,60.0,1.0,1.0,1.0
9,61.0,desktop,12,61.0,1.0,1.0,1.0
10,62.0,desktop,12,62.0,1.0,1.0,1.0
