,time,event0,event1,event2,event3,event4,event5
0,0.0,desktop,13,0.0,2.0,2.0,2.0
1,2.0,desktop,13,2.0,2.0,3.0,2.0
2,4.0,desktop,13,5.0,3.0,4.0,3.0
3,7.0,desktop,13,9.0,105.0,103.0,4.0
4,112.0,desktop,13,112.0,2.0,4.0,2.0
5,114.0,desktop,13,116.0,4.0,2.0,4.0
6,118.0,desktop,13,118.0,2.0,3.0,2.0
7,120.0,desktop,13,121.0,8.0,10.0,3.0
8,128.0,desktop,13,131.0,5.0,2.0,5.0
9,133.0,desktop,13,133.0,2.0,2.0,2.0
10,135.0,desktop,13,135.0,2.0,4.0,2.0
11,137.0,desktop,13,139.0,4.0,3.0,4.0
