,time,event0,event1,event2,event3,event4,event5
0,0.0,desktop,11,0.0,1.0,3.0,1.0
1,1.0,desktop,11,3.0,3.0,1.0,3.0
2,4.0,desktop,11,4.0,1.0,1.0,1.0
3,5.0,desktop,11,5.0,92.0,92.0,1.0
4,97.0,desktop,11,97.0,1.0,2.0,1.0
5,98.0,desktop,11,99.0,2.0,1.0,2.0
6,100.0,desktop,11,100.0,1.0,7.0,1.0
7,101.0,desktop,11,107.0,7.0,1.0,7.0
8,108.0,desktop,11,108.0,1.0,1.0,1.0
9,109.0,desktop,11,109.0,1.0,1.0,1.0
