,time,event0,event1,event2,event3,event4,event5
0,0.0,desktop,12,0.0,4.0,3.0,4.0
1,4.0,desktop,12,3.0,3.0,3.0,3.0
2,7.0,desktop,12,6.0,3.0,2.0,3.0
3,10.0,desktop,12,8.0,2.0,1.0,2.0
4,12.0,desktop,12,9.0,155.0,157.0,1.0
5,167.0,desktop,12,166.0,3.0,1.0,3.0
6,170.0,desktop,12,167.0,1.0,1.0,1.0
7,171.0,desktop,12,168.0,2.0,3.0,1.0
8,173.0,desktop,12,171.0,2.0,3.0,2.0
9,175.0,desktop,12,174.0,3.0,4.0,3.0
10,178.0,desktop,12,178.0,4.0,3.0,4.0
