,time,event0,event1,event2,event3,event4,event5
0,0.0,mobile,11,0.0,4.0,2.0,4.0
1,4.0,desktop,11,2.0,4.0,5.0,2.0
2,8.0,desktop,11,7.0,3.0,1.0,3.0
3,11.0,desktop,11,8.0,1.0,3.0,1.0
4,12.0,desktop,11,11.0,3.0,2.0,3.0
5,15.0,desktop,11,13.0,15.0,15.0,2.0
6,30.0,desktop,11,28.0,2.0,4.0,2.0
7,32.0,desktop,11,32.0,8.0,6.0,4.0
8,40.0,desktop,11,38.0,2.0,1.0,2.0
9,42.0,desktop,11,39.0,1.0,3.0,1.0
