,time,event0,event1,event2,event3,event4,event5
0,0.0,desktop,12,0.0,1.0,1.0,1.0
1,1.0,desktop,12,1.0,1.0,1.0,1.0
2,2.0,desktop,12,2.0,1.0,3.0,1.0
3,3.0,desktop,12,5.0,3.0,1.0,3.0
4,6.0,desktop,12,6.0,262.0,263.0,1.0
5,268.0,desktop,12,269.0,2.0,3.0,2.0
6,270.0,desktop,12,272.0,4.0,2.0,3.0
7,274.0,desktop,12,274.0,1.0,2.0,1.0
8,275.0,desktop,12,276.0,2.0,1.0,2.0
9,277.0,desktop,12,277.0,1.0,1.0,1.0
10,278.0,desktop,12,278.0,1.0,1.0,1.0
