,time,event0,event1,event2,event3,event4,event5
0,0.0,desktop,11,0.0,1.0,1.0,1.0
1,1.0,desktop,11,1.0,1.0,1.0,1.0
2,2.0,desktop,11,2.0,2.0,2.0,1.0
3,4.0,desktop,11,4.0,3.0,3.0,1.0
4,7.0,desktop,11,7.0,24.0,27.0,1.0
5,31.0,desktop,11,34.0,4.0,1.0,4.0
6,35.0,desktop,11,35.0,3.0,3.0,1.0
7,38.0,desktop,11,38.0,1.0,1.0,1.0
8,39.0,desktop,11,39.0,1.0,1.0,1.0
9,40.0,desktop,11,40.0,1.0,1.0,1.0
