,time,event0,event1,event2,event3,event4,event5
0,0.0,desktop,13,0.0,3.0,4.0,3.0
1,3.0,desktop,13,4.0,4.0,1.0,4.0
2,7.0,desktop,13,5.0,1.0,1.0,1.0
3,8.0,desktop,13,6.0,33.0,35.0,1.0
4,41.0,desktop,13,41.0,3.0,1.0,3.0
5,44.0,desktop,13,42.0,1.0,1.0,1.0
6,45.0,desktop,13,43.0,1.0,1.0,1.0
7,46.0,desktop,13,44.0,1.0,1.0,1.0
8,47.0,desktop,13,45.0,1.0,3.0,1.0
9,48.0,desktop,13,48.0,3.0,1.0,3.0
10,51.0,desktop,13,49.0,1.0,2.0,1.0
11,52.0,desktop,13,51.0,2.0,1.0,2.0
