,time,event0,event1,event2,event3,event4,event5
0,0.0,desktop,12,0.0,2.0,1.0,2.0
1,2.0,desktop,12,1.0,1.0,2.0,1.0
2,3.0,mobile,12,3.0,2.0,1.0,2.0
3,5.0,desktop,12,4.0,4.0,9.0,1.0
4,9.0,mobile,12,13.0,103.0,98.0,6.0
5,112.0,mobile,12,111.0,1.0,2.0,1.0
6,113.0,desktop,12,113.0,2.0,1.0,2.0
7,115.0,desktop,12,114.0,1.0,3.0,1.0
8,116.0,desktop,12,117.0,3.0,1.0,3.0
9,119.0,mobile,12,118.0,1.0,1.0,1.0
10,120.0,mobile,12,119.0,1.0,4.0,1.0
