,time,event0,event1,event2,event3,event4,event5
0,0.0,mobile,12,0.0,1.0,3.0,1.0
1,1.0,tablet,12,3.0,3.0,1.0,3.0
2,4.0,mobile,12,4.0,1.0,3.0,1.0
3,5.0,mobile,12,7.0,3.0,1.0,3.0
4,8.0,mobile,12,8.0,1.0,2.0,1.0
5,9.0,mobile,12,10.0,2.0,1.0,2.0
6,11.0,mobile,12,11.0,129.0,130.0,1.0
7,140.0,tablet,12,141.0,2.0,2.0,2.0
8,142.0,mobile,12,143.0,2.0,5.0,2.0
9,144.0,mobile,12,148.0,5.0,2.0,5.0
10,149.0,mobile,12,150.0,2.0,1.0,2.0
