,time,event0,event1,event2,event3,event4,event5
0,0.0,desktop,11,0.0,1.0,3.0,1.0
1,1.0,desktop,11,3.0,3.0,5.0,3.0
2,4.0,desktop,11,8.0,5.0,1.0,5.0
3,9.0,desktop,11,9.0,1.0,1.0,1.0
4,10.0,desktop,11,10.0,157.0,158.0,1.0
5,167.0,desktop,11,168.0,2.0,2.0,2.0
6,169.0,desktop,11,170.0,2.0,2.0,2.0
7,171.0,desktop,11,172.0,2.0,2.0,2.0
8,173.0,desktop,11,174.0,2.0,1.0,2.0
9,175.0,desktop,11,175.0,1.0,1.0,1.0
