,time,event0,event1,event2,event3,event4,event5
0,0.0,desktop,13,0.0,1.0,4.0,1.0
1,1.0,desktop,13,4.0,4.0,2.0,4.0
2,5.0,desktop,13,6.0,2.0,2.0,2.0
3,7.0,desktop,13,8.0,2.0,3.0,2.0
4,9.0,desktop,13,11.0,3.0,2.0,3.0
5,12.0,desktop,13,13.0,143.0,143.0,2.0
6,155.0,desktop,13,156.0,2.0,1.0,2.0
7,157.0,desktop,13,157.0,1.0,3.0,1.0
8,158.0,desktop,13,160.0,3.0,4.0,3.0
9,161.0,desktop,13,164.0,4.0,3.0,4.0
10,165.0,desktop,13,167.0,3.0,3.0,3.0
11,168.0,desktop,13,170.0,3.0,2.0,3.0
