,time,event0,event1,event2,event3,event4,event5
0,0.0,desktop,11,0.0,6.0,5.0,3.0
1,6.0,desktop,11,5.0,2.0,2.0,2.0
2,8.0,desktop,11,7.0,2.0,1.0,2.0
3,10.0,desktop,11,8.0,1.0,3.0,1.0
4,11.0,desktop,11,11.0,222.0,222.0,3.0
5,233.0,desktop,11,233.0,3.0,2.0,3.0
6,236.0,desktop,11,235.0,2.0,2.0,2.0
7,238.0,desktop,11,237.0,2.0,1.0,2.0
8,240.0,desktop,11,238.0,1.0,2.0,1.0
9,241.0,desktop,11,240.0,2.0,3.0,2.0
