,time,event0,event1,event2,event3,event4,event5
0,0.0,desktop,11,0.0,3.0,1.0,3.0
1,3.0,desktop,11,1.0,1.0,3.0,1.0
2,4.0,desktop,11,4.0,3.0,6.0,3.0
3,7.0,mobile,11,10.0,173.0,169.0,6.0
4,180.0,desktop,11,179.0,2.0,2.0,2.0
5,182.0,desktop,11,181.0,2.0,3.0,2.0
6,184.0,desktop,11,184.0,3.0,1.0,3.0
7,187.0,desktop,11,185.0,1.0,5.0,1.0
8,188.0,desktop,11,190.0,5.0,6.0,5.0
9,193.0,desktop,11,196.0,6.0,2.0,6.0
