,time,event0,event1,event2,event3,event4,event5
0,0.0,desktop,13,0.0,6.0,3.0,6.0
1,6.0,desktop,13,3.0,3.0,3.0,3.0
2,9.0,desktop,13,6.0,3.0,1.0,3.0
3,12.0,desktop,13,7.0,1.0,2.0,1.0
4,13.0,desktop,13,9.0,2.0,1.0,2.0
5,15.0,desktop,13,10.0,1.0,1.0,1.0
6,16.0,desktop,13,11.0,1.0,1.0,1.0
7,17.0,desktop,13,12.0,1.0,2.0,1.0
8,18.0,desktop,13,14.0,21.0,20.0,2.0
9,39.0,mobile,13,34.0,1.0,2.0,1.0
10,40.0,desktop,13,36.0,2.0,4.0,2.0
11,42.0,desktop,13,40.0,4.0,5.0,4.0
