,time,event0,event1,event2,event3,event4,event5
0,0.0,desktop,11,0.0,2.0,2.0,2.0
1,2.0,desktop,11,2.0,2.0,2.0,2.0
2,4.0,desktop,11,4.0,2.0,1.0,2.0
3,6.0,desktop,11,5.0,1.0,1.0,1.0
4,7.0,desktop,11,6.0,1.0,2.0,1.0
5,8.0,desktop,11,8.0,2.0,3.0,2.0
6,10.0,desktop,11,11.0,123.0,121.0,3.0
7,133.0,desktop,11,132.0,1.0,4.0,1.0
8,134.0,desktop,11,136.0,4.0,1.0,4.0
9,138.0,desktop,11,137.0,1.0,2.0,1.0
