,time,event0,event1,event2,event3,event4,event5
0,0.0,desktop,12,0.0,4.0,3.0,4.0
1,4.0,desktop,12,3.0,3.0,4.0,3.0
2,7.0,desktop,12,7.0,4.0,1.0,4.0
3,11.0,desktop,12,8.0,1.0,1.0,1.0
4,12.0,desktop,12,9.0,2.0,5.0,1.0
5,14.0,mobile,12,14.0,4.0,1.0,4.0
6,18.0,desktop,12,15.0,1.0,1.0,1.0
7,19.0,desktop,12,16.0,1.0,3.0,1.0
8,20.0,mobile,12,19.0,3.0,2.0,3.0
9,23.0,mobile,12,21.0,2.0,3.0,2.0
10,25.0,mobile,12,24.0,3.0,1.0,3.0
