,time,event0,event1,event2,event3,event4,event5
0,0.0,mobile,12,0.0,1.0,2.0,1.0
1,1.0,mobile,12,2.0,2.0,2.0,2.0
2,3.0,mobile,12,4.0,2.0,4.0,2.0
3,5.0,mobile,12,8.0,4.0,2.0,4.0
4,9.0,mobile,12,10.0,2.0,5.0,2.0
5,11.0,mobile,12,15.0,5.0,5.0,5.0
6,16.0,mobile,12,20.0,18.0,14.0,5.0
7,34.0,mobile,12,34.0,1.0,1.0,1.0
8,35.0,mobile,12,35.0,1.0,1.0,1.0
9,36.0,mobile,12,36.0,1.0,2.0,1.0
10,37.0,mobile,12,38.0,2.0,2.0,2.0
