,time,event0,event1,event2,event3,event4,event5
0,0.0,desktop,11,0.0,1.0,3.0,1.0
1,1.0,desktop,11,3.0,3.0,3.0,3.0
2,4.0,desktop,11,6.0,3.0,1.0,3.0
3,7.0,desktop,11,7.0,1.0,1.0,1.0
4,8.0,desktop,11,8.0,164.0,170.0,1.0
5,172.0,desktop,11,178.0,7.0,4.0,7.0
6,179.0,desktop,11,182.0,4.0,3.0,4.0
7,183.0,desktop,11,185.0,3.0,1.0,3.0
8,186.0,desktop,11,186.0,1.0,1.0,1.0
9,187.0,desktop,11,187.0,1.0,3.0,1.0
