,time,event0,event1,event2,event3,event4,event5
0,0.0,desktop,11,0.0,1.0,3.0,1.0
1,1.0,desktop,11,3.0,3.0,2.0,3.0
2,4.0,desktop,11,5.0,2.0,2.0,2.0
3,6.0,desktop,11,7.0,2.0,1.0,2.0
4,8.0,desktop,11,8.0,116.0,116.0,1.0
5,124.0,desktop,11,124.0,4.0,4.0,1.0
6,128.0,desktop,11,128.0,1.0,1.0,1.0
7,129.0,desktop,11,129.0,1.0,1.0,1.0
8,130.0,desktop,11,130.0,1.0,3.0,1.0
9,131.0,desktop,11,133.0,3.0,1.0,3.0
