,time,event0,event1,event2,event3,event4,event5
0,0.0,tablet,11,0.0,1.0,1.0,1.0
1,1.0,desktop,11,1.0,1.0,2.0,1.0
2,2.0,desktop,11,3.0,2.0,4.0,2.0
3,4.0,desktop,11,7.0,5.0,2.0,4.0
4,9.0,desktop,11,9.0,1.0,1.0,1.0
5,10.0,desktop,11,10.0,86.0,88.0,1.0
6,96.0,desktop,11,98.0,3.0,1.0,3.0
7,99.0,tablet,11,99.0,1.0,3.0,1.0
8,100.0,desktop,11,102.0,3.0,1.0,3.0
9,103.0,desktop,11,103.0,1.0,1.0,1.0
