,time,event0,event1,event2,event3,event4,event5
0,0.0,desktop,12,0.0,6.0,7.0,6.0
1,6.0,mobile,12,7.0,7.0,13.0,7.0
2,13.0,desktop,12,20.0,13.0,7.0,13.0
3,26.0,mobile,12,27.0,120.0,114.0,7.0
4,146.0,desktop,12,141.0,1.0,3.0,1.0
5,147.0,desktop,12,144.0,3.0,1.0,3.0
6,150.0,desktop,12,145.0,1.0,3.0,1.0
7,151.0,mobile,12,148.0,3.0,3.0,3.0
8,154.0,mobile,12,151.0,3.0,7.0,3.0
9,157.0,desktop,12,158.0,7.0,2.0,7.0
10,164.0,desktop,12,160.0,2.0,1.0,2.0
