,time,event0,event1,event2,event3,event4,event5
0,0.0,desktop,11,0.0,2.0,1.0,2.0
1,2.0,desktop,11,1.0,1.0,2.0,1.0
2,3.0,desktop,11,3.0,2.0,1.0,2.0
3,5.0,desktop,11,4.0,79.0,79.0,1.0
4,84.0,desktop,11,83.0,1.0,4.0,1.0
5,85.0,desktop,11,87.0,4.0,1.0,4.0
6,89.0,desktop,11,88.0,1.0,3.0,1.0
7,90.0,desktop,11,91.0,3.0,1.0,3.0
8,93.0,desktop,11,92.0,1.0,1.0,1.0
9,94.0,desktop,11,93.0,1.0,1.0,1.0
