,time,event0,event1,event2,event3,event4,event5
0,0.0,desktop,12,0.0,1.0,1.0,1.0
1,1.0,mobile,12,1.0,1.0,2.0,1.0
2,2.0,desktop,12,3.0,2.0,2.0,2.0
3,4.0,desktop,12,5.0,14.0,13.0,2.0
4,18.0,desktop,12,18.0,1.0,2.0,1.0
5,19.0,mobile,12,20.0,4.0,4.0,2.0
6,23.0,desktop,12,24.0,2.0,1.0,2.0
7,25.0,mobile,12,25.0,77.0,77.0,1.0
8,102.0,mobile,12,102.0,1.0,1.0,1.0
9,103.0,mobile,12,103.0,1.0,1.0,1.0
10,104.0,desktop,12,104.0,1.0,6.0,1.0
