,time,event0,event1,event2,event3,event4,event5
0,0.0,desktop,12,0.0,3.0,2.0,3.0
1,3.0,desktop,12,2.0,2.0,1.0,2.0
2,5.0,desktop,12,3.0,1.0,2.0,1.0
3,6.0,desktop,12,5.0,2.0,2.0,2.0
4,8.0,desktop,12,7.0,2.0,4.0,2.0
5,10.0,tablet,12,11.0,4.0,7.0,4.0
6,14.0,desktop,12,18.0,7.0,1.0,7.0
7,21.0,desktop,12,19.0,1.0,2.0,1.0
8,22.0,desktop,12,21.0,2.0,2.0,2.0
9,24.0,mobile,12,23.0,2.0,1.0,2.0
10,26.0,mobile,12,24.0,1.0,1.0,1.0
