,time,event0,event1,event2,event3,event4,event5
0,0.0,tablet,13,0.0,2.0,2.0,2.0
1,2.0,tablet,13,2.0,2.0,3.0,2.0
2,4.0,tablet,13,5.0,3.0,1.0,3.0
3,7.0,tablet,13,6.0,342.0,343.0,1.0
4,349.0,desktop,13,349.0,2.0,4.0,2.0
5,351.0,tablet,13,353.0,4.0,4.0,4.0
6,355.0,tablet,13,357.0,4.0,6.0,4.0
7,359.0,tablet,13,363.0,6.0,5.0,6.0
8,365.0,tablet,13,368.0,5.0,8.0,5.0
9,370.0,tablet,13,376.0,8.0,5.0,8.0
10,378.0,desktop,13,381.0,5.0,2.0,5.0
11,383.0,desktop,13,383.0,2.0,1.0,2.0
