,time,event0,event1,event2,event3,event4,event5
0,0.0,mobile,12,0.0,1.0,1.0,1.0
1,1.0,tablet,12,1.0,1.0,1.0,1.0
2,2.0,mobile,12,2.0,1.0,1.0,1.0
3,3.0,mobile,12,3.0,57.0,59.0,1.0
4,60.0,tablet,12,62.0,3.0,3.0,3.0
5,63.0,tablet,12,65.0,3.0,4.0,3.0
6,66.0,mobile,12,69.0,4.0,3.0,4.0
7,70.0,mobile,12,72.0,3.0,2.0,3.0
8,73.0,tablet,12,74.0,2.0,2.0,2.0
9,75.0,desktop,12,76.0,2.0,3.0,2.0
10,77.0,desktop,12,79.0,3.0,2.0,3.0
