,time,event0,event1,event2,event3,event4,event5
0,0.0,desktop,11,0.0,5.0,2.0,5.0
1,5.0,desktop,11,2.0,2.0,4.0,2.0
2,7.0,desktop,11,6.0,4.0,1.0,4.0
3,11.0,desktop,11,7.0,54.0,59.0,1.0
4,65.0,desktop,11,66.0,6.0,3.0,6.0
5,71.0,desktop,11,69.0,3.0,1.0,3.0
6,74.0,desktop,11,70.0,1.0,2.0,1.0
7,75.0,mobile,11,72.0,2.0,1.0,2.0
8,77.0,desktop,11,73.0,1.0,2.0,1.0
9,78.0,desktop,11,75.0,2.0,1.0,2.0
