,time,event0,event1,event2,event3,event4,event5
0,0.0,desktop,12,0.0,1.0,1.0,1.0
1,1.0,desktop,12,1.0,1.0,1.0,1.0
2,2.0,desktop,12,2.0,1.0,1.0,1.0
3,3.0,desktop,12,3.0,1.0,1.0,1.0
4,4.0,desktop,12,4.0,117.0,125.0,1.0
5,121.0,mobile,12,129.0,9.0,5.0,9.0
6,130.0,mobile,12,134.0,5.0,6.0,5.0
7,135.0,tablet,12,140.0,6.0,2.0,6.0
8,141.0,desktop,12,142.0,2.0,1.0,2.0
9,143.0,desktop,12,143.0,2.0,3.0,1.0
10,145.0,desktop,12,146.0,2.0,3.0,2.0
