,time,event0,event1,event2,event3,event4,event5
0,0.0,desktop,12,0.0,1.0,2.0,1.0
1,1.0,desktop,12,2.0,2.0,2.0,2.0
2,3.0,desktop,12,4.0,2.0,3.0,2.0
3,5.0,desktop,12,7.0,3.0,3.0,3.0
4,8.0,desktop,12,10.0,3.0,2.0,3.0
5,11.0,desktop,12,12.0,2.0,1.0,2.0
6,13.0,desktop,12,13.0,1.0,1.0,1.0
7,14.0,desktop,12,14.0,90.0,91.0,1.0
8,104.0,desktop,12,105.0,2.0,9.0,2.0
9,106.0,desktop,12,114.0,9.0,1.0,9.0
10,115.0,desktop,12,115.0,1.0,2.0,1.0
