,time,event0,event1,event2,event3,event4,event5
0,0.0,desktop,12,0.0,2.0,3.0,2.0
1,2.0,desktop,12,3.0,3.0,2.0,3.0
2,5.0,desktop,12,5.0,2.0,3.0,2.0
3,7.0,desktop,12,8.0,59.0,61.0,3.0
4,66.0,desktop,12,69.0,5.0,2.0,5.0
5,71.0,desktop,12,71.0,2.0,3.0,2.0
6,73.0,desktop,12,74.0,3.0,1.0,3.0
7,76.0,mobile,12,75.0,1.0,2.0,1.0
8,77.0,desktop,12,77.0,2.0,2.0,2.0
9,79.0,desktop,12,79.0,2.0,2.0,2.0
10,81.0,mobile,12,81.0,2.0,5.0,2.0
