,time,event0,event1,event2,event3,event4,event5
0,0.0,desktop,13,0.0,3.0,4.0,1.0
1,3.0,desktop,13,4.0,6.0,5.0,2.0
2,9.0,desktop,13,9.0,1.0,2.0,1.0
3,10.0,desktop,13,11.0,2.0,1.0,2.0
4,12.0,desktop,13,12.0,3.0,3.0,1.0
5,15.0,desktop,13,15.0,1.0,1.0,1.0
6,16.0,desktop,13,16.0,1.0,2.0,1.0
7,17.0,desktop,13,18.0,2.0,1.0,2.0
8,19.0,desktop,13,19.0,95.0,95.0,1.0
9,114.0,desktop,13,114.0,1.0,1.0,1.0
10,115.0,desktop,13,115.0,1.0,1.0,1.0
11,116.0,desktop,13,116.0,1.0,1.0,1.0
