,time,event0,event1,event2,event3,event4,event5
0,0.0,mobile,11,0.0,1.0,1.0,1.0
1,1.0,mobile,11,1.0,1.0,1.0,1.0
2,2.0,mobile,11,2.0,1.0,4.0,1.0
3,3.0,desktop,11,6.0,4.0,3.0,4.0
4,7.0,mobile,11,9.0,192.0,192.0,3.0
5,199.0,desktop,11,201.0,3.0,1.0,3.0
6,202.0,desktop,11,202.0,1.0,2.0,1.0
7,203.0,mobile,11,204.0,2.0,1.0,2.0
8,205.0,mobile,11,205.0,1.0,5.0,1.0
9,206.0,mobile,11,210.0,5.0,1.0,5.0
