,time,event0,event1,event2,event3,event4,event5
0,0.0,desktop,11,0.0,2.0,2.0,2.0
1,2.0,desktop,11,2.0,2.0,2.0,2.0
2,4.0,desktop,11,4.0,2.0,3.0,2.0
3,6.0,desktop,11,7.0,3.0,2.0,3.0
4,9.0,desktop,11,9.0,2.0,4.0,2.0
5,11.0,desktop,11,13.0,4.0,5.0,4.0
6,15.0,desktop,11,18.0,5.0,5.0,5.0
7,20.0,desktop,11,23.0,5.0,1.0,5.0
8,25.0,desktop,11,24.0,1.0,1.0,1.0
9,26.0,desktop,11,25.0,1.0,1.0,1.0
