,time,event0,event1,event2,event3,event4,event5
0,0.0,desktop,12,0.0,4.0,2.0,4.0
1,4.0,desktop,12,2.0,2.0,2.0,2.0
2,6.0,desktop,12,4.0,3.0,4.0,2.0
3,9.0,desktop,12,8.0,35.0,36.0,3.0
4,44.0,desktop,12,44.0,4.0,2.0,4.0
5,48.0,desktop,12,46.0,2.0,5.0,2.0
6,50.0,desktop,12,51.0,5.0,4.0,5.0
7,55.0,desktop,12,55.0,154.0,151.0,4.0
8,209.0,desktop,12,206.0,1.0,5.0,1.0
9,210.0,desktop,12,211.0,7.0,4.0,5.0
10,217.0,desktop,12,215.0,2.0,1.0,2.0
