,time,event0,event1,event2,event3,event4,event5
0,0.0,desktop,11,0.0,1.0,2.0,1.0
1,1.0,desktop,11,2.0,2.0,1.0,2.0
2,3.0,desktop,11,3.0,1.0,2.0,1.0
3,4.0,desktop,11,5.0,2.0,1.0,2.0
4,6.0,desktop,11,6.0,55.0,55.0,1.0
5,61.0,desktop,11,61.0,1.0,7.0,1.0
6,62.0,desktop,11,68.0,7.0,12.0,7.0
7,69.0,mobile,11,80.0,12.0,4.0,12.0
8,81.0,mobile,11,84.0,4.0,2.0,4.0
9,85.0,mobile,11,86.0,2.0,1.0,2.0
