,time,event0,event1,event2,event3,event4,event5
0,0.0,desktop,13,0.0,1.0,3.0,1.0
1,1.0,desktop,13,3.0,3.0,7.0,3.0
2,4.0,mobile,13,10.0,7.0,3.0,7.0
3,11.0,desktop,13,13.0,56.0,54.0,3.0
4,67.0,desktop,13,67.0,1.0,1.0,1.0
5,68.0,desktop,13,68.0,1.0,1.0,1.0
6,69.0,desktop,13,69.0,1.0,1.0,1.0
7,70.0,mobile,13,70.0,113.0,114.0,1.0
8,183.0,mobile,13,184.0,2.0,1.0,2.0
9,185.0,mobile,13,185.0,1.0,2.0,1.0
10,186.0,mobile,13,187.0,2.0,1.0,2.0
11,188.0,mobile,13,188.0,1.0,1.0,1.0
