,time,event0,event1,event2,event3,event4,event5
0,0.0,desktop,11,0.0,2.0,1.0,2.0
1,2.0,desktop,11,1.0,1.0,4.0,1.0
2,3.0,mobile,11,5.0,4.0,7.0,4.0
3,7.0,desktop,11,12.0,7.0,3.0,7.0
4,14.0,desktop,11,15.0,230.0,228.0,3.0
5,244.0,mobile,11,243.0,1.0,1.0,1.0
6,245.0,mobile,11,244.0,1.0,1.0,1.0
7,246.0,mobile,11,245.0,1.0,3.0,1.0
8,247.0,desktop,11,248.0,3.0,2.0,3.0
9,250.0,desktop,11,250.0,2.0,2.0,2.0
