,time,event0,event1,event2,event3,event4,event5
0,0.0,desktop,12,0.0,3.0,1.0,3.0
1,3.0,desktop,12,1.0,1.0,2.0,1.0
2,4.0,desktop,12,3.0,2.0,1.0,2.0
3,6.0,desktop,12,4.0,1.0,3.0,1.0
4,7.0,desktop,12,7.0,3.0,1.0,3.0
5,10.0,desktop,12,8.0,1.0,2.0,1.0
6,11.0,desktop,12,10.0,2.0,3.0,2.0
7,13.0,desktop,12,13.0,3.0,5.0,3.0
8,16.0,desktop,12,18.0,5.0,4.0,5.0
9,21.0,desktop,12,22.0,4.0,2.0,4.0
10,25.0,desktop,12,24.0,2.0,2.0,2.0
