,time,event0,event1,event2,event3,event4,event5
0,0.0,desktop,11,0.0,3.0,1.0,3.0
1,3.0,desktop,11,1.0,1.0,2.0,1.0
2,4.0,desktop,11,3.0,2.0,1.0,2.0
3,6.0,desktop,11,4.0,1.0,1.0,1.0
4,7.0,desktop,11,5.0,93.0,93.0,1.0
5,100.0,desktop,11,98.0,1.0,3.0,1.0
6,101.0,desktop,11,101.0,3.0,1.0,3.0
7,104.0,desktop,11,102.0,1.0,3.0,1.0
8,105.0,desktop,11,105.0,3.0,4.0,3.0
9,108.0,desktop,11,109.0,4.0,1.0,4.0
