,time,event0,event1,event2,event3,event4,event5
0,0.0,desktop,13,0.0,1.0,5.0,1.0
1,1.0,desktop,13,5.0,5.0,1.0,5.0
2,6.0,desktop,13,6.0,1.0,1.0,1.0
3,7.0,desktop,13,7.0,1.0,3.0,1.0
4,8.0,desktop,13,10.0,3.0,3.0,3.0
5,11.0,desktop,13,13.0,3.0,2.0,3.0
6,14.0,desktop,13,15.0,2.0,1.0,2.0
7,16.0,desktop,13,16.0,1.0,1.0,1.0
8,17.0,desktop,13,17.0,6.0,6.0,1.0
9,23.0,mobile,13,23.0,1.0,3.0,1.0
10,24.0,desktop,13,26.0,3.0,2.0,3.0
11,27.0,desktop,13,28.0,2.0,2.0,2.0
