,time,event0,event1,event2,event3,event4,event5
0,0.0,desktop,14,0.0,1.0,1.0,1.0
1,1.0,desktop,14,1.0,1.0,2.0,1.0
2,2.0,desktop,14,3.0,2.0,6.0,2.0
3,4.0,desktop,14,9.0,6.0,4.0,6.0
4,10.0,desktop,14,13.0,4.0,1.0,4.0
5,14.0,mobile,14,14.0,40.0,41.0,1.0
6,54.0,desktop,14,55.0,2.0,1.0,2.0
7,56.0,desktop,14,56.0,1.0,1.0,1.0
8,57.0,desktop,14,57.0,1.0,2.0,1.0
9,58.0,desktop,14,59.0,2.0,2.0,2.0
10,60.0,desktop,14,61.0,2.0,2.0,2.0
11,62.0,desktop,14,63.0,2.0,1.0,2.0
12,64.0,desktop,14,64.0,1.0,1.0,1.0
