,time,event0,event1,event2,event3,event4,event5
0,0.0,desktop,13,0.0,1.0,2.0,1.0
1,1.0,desktop,13,2.0,2.0,1.0,2.0
2,3.0,desktop,13,3.0,1.0,2.0,1.0
3,4.0,desktop,13,5.0,6.0,5.0,2.0
4,10.0,desktop,13,10.0,1.0,2.0,1.0
5,11.0,desktop,13,12.0,2.0,7.0,2.0
6,13.0,desktop,13,19.0,7.0,1.0,7.0
7,20.0,desktop,13,20.0,1.0,3.0,1.0
8,21.0,desktop,13,23.0,3.0,1.0,3.0
9,24.0,desktop,13,24.0,1.0,2.0,1.0
10,25.0,desktop,13,26.0,2.0,2.0,2.0
11,27.0,desktop,13,28.0,2.0,1.0,2.0
