,time,event0,event1,event2,event3,event4,event5
0,0.0,mobile,12,0.0,5.0,1.0,5.0
1,5.0,mobile,12,1.0,1.0,1.0,1.0
2,6.0,mobile,12,2.0,1.0,3.0,1.0
3,7.0,mobile,12,5.0,3.0,1.0,3.0
4,10.0,mobile,12,6.0,1.0,1.0,1.0
5,11.0,mobile,12,7.0,1.0,3.0,1.0
6,12.0,mobile,12,10.0,10.0,9.0,3.0
7,22.0,mobile,12,19.0,2.0,1.0,2.0
8,24.0,mobile,12,20.0,1.0,1.0,1.0
9,25.0,mobile,12,21.0,1.0,2.0,1.0
10,26.0,mobile,12,23.0,2.0,2.0,2.0
