,time,event0,event1,event2,event3,event4,event5
0,0.0,desktop,12,0.0,1.0,2.0,1.0
1,1.0,desktop,12,2.0,2.0,5.0,2.0
2,3.0,desktop,12,7.0,5.0,4.0,5.0
3,8.0,desktop,12,11.0,30.0,27.0,4.0
4,38.0,desktop,12,38.0,1.0,4.0,1.0
5,39.0,desktop,12,42.0,4.0,7.0,4.0
6,43.0,desktop,12,49.0,7.0,3.0,7.0
7,50.0,desktop,12,52.0,109.0,108.0,3.0
8,159.0,desktop,12,160.0,2.0,1.0,2.0
9,161.0,desktop,12,161.0,1.0,4.0,1.0
10,162.0,desktop,12,165.0,4.0,3.0,4.0
