,time,event0,event1,event2,event3,event4,event5
0,0.0,mobile,12,0.0,2.0,2.0,2.0
1,2.0,mobile,12,2.0,2.0,5.0,2.0
2,4.0,tablet,12,7.0,5.0,1.0,5.0
3,9.0,desktop,12,8.0,1.0,2.0,1.0
4,10.0,desktop,12,10.0,2.0,1.0,2.0
5,12.0,tablet,12,11.0,1.0,2.0,1.0
6,13.0,mobile,12,13.0,2.0,1.0,2.0
7,15.0,tablet,12,14.0,18.0,20.0,1.0
8,33.0,tablet,12,34.0,3.0,2.0,3.0
9,36.0,mobile,12,36.0,2.0,4.0,2.0
10,38.0,desktop,12,40.0,4.0,1.0,4.0
