,time,event0,event1,event2,event3,event4,event5
0,0.0,desktop,11,0.0,1.0,1.0,1.0
1,1.0,desktop,11,1.0,1.0,2.0,1.0
2,2.0,mobile,11,3.0,2.0,1.0,2.0
3,4.0,mobile,11,4.0,1.0,2.0,1.0
4,5.0,desktop,11,6.0,2.0,2.0,2.0
5,7.0,desktop,11,8.0,119.0,121.0,2.0
6,126.0,desktop,11,129.0,4.0,2.0,4.0
7,130.0,mobile,11,131.0,2.0,3.0,2.0
8,132.0,mobile,11,134.0,3.0,4.0,3.0
9,135.0,mobile,11,138.0,4.0,3.0,4.0
