,time,event0,event1,event2,event3,event4,event5
0,0.0,mobile,11,0.0,3.0,1.0,3.0
1,3.0,mobile,11,1.0,1.0,2.0,1.0
2,4.0,mobile,11,3.0,2.0,4.0,2.0
3,6.0,desktop,11,7.0,72.0,70.0,4.0
4,78.0,desktop,11,77.0,2.0,3.0,2.0
5,80.0,desktop,11,80.0,3.0,1.0,3.0
6,83.0,desktop,11,81.0,1.0,2.0,1.0
7,84.0,desktop,11,83.0,2.0,1.0,2.0
8,86.0,desktop,11,84.0,1.0,2.0,1.0
9,87.0,desktop,11,86.0,2.0,1.0,2.0
