,time,event0,event1,event2,event3,event4,event5
0,0.0,desktop,11,0.0,3.0,1.0,3.0
1,3.0,desktop,11,1.0,1.0,1.0,1.0
2,4.0,desktop,11,2.0,1.0,2.0,1.0
3,5.0,desktop,11,4.0,2.0,5.0,2.0
4,7.0,mobile,11,9.0,161.0,158.0,5.0
5,168.0,desktop,11,167.0,2.0,2.0,2.0
6,170.0,desktop,11,169.0,2.0,3.0,2.0
7,172.0,desktop,11,172.0,3.0,1.0,3.0
8,175.0,mobile,11,173.0,1.0,1.0,1.0
9,176.0,mobile,11,174.0,1.0,1.0,1.0
