,time,event0,event1,event2,event3,event4,event5
0,0.0,desktop,11,0.0,3.0,6.0,3.0
1,3.0,desktop,11,6.0,6.0,5.0,6.0
2,9.0,desktop,11,11.0,5.0,1.0,5.0
3,14.0,desktop,11,12.0,1.0,7.0,1.0
4,15.0,desktop,11,19.0,7.0,5.0,7.0
5,22.0,desktop,11,24.0,5.0,1.0,5.0
6,27.0,desktop,11,25.0,1.0,4.0,1.0
7,28.0,desktop,11,29.0,4.0,1.0,4.0
8,32.0,desktop,11,30.0,1.0,3.0,1.0
9,33.0,desktop,11,33.0,3.0,1.0,3.0
