,time,event0,event1,event2,event3,event4,event5
0,0.0,desktop,12,0.0,1.0,1.0,1.0
1,1.0,desktop,12,1.0,1.0,1.0,1.0
2,2.0,desktop,12,2.0,1.0,2.0,1.0
3,3.0,desktop,12,4.0,2.0,3.0,2.0
4,5.0,desktop,12,7.0,3.0,5.0,3.0
5,8.0,desktop,12,12.0,5.0,3.0,5.0
6,13.0,desktop,12,15.0,3.0,2.0,3.0
7,16.0,desktop,12,17.0,2.0,1.0,2.0
8,18.0,desktop,12,18.0,1.0,2.0,1.0
9,19.0,desktop,12,20.0,5.0,6.0,2.0
10,24.0,desktop,12,26.0,3.0,1.0,3.0
