,time,event0,event1,event2,event3,event4,event5
0,0.0,desktop,11,0.0,1.0,3.0,1.0
1,1.0,desktop,11,3.0,3.0,3.0,3.0
2,4.0,desktop,11,6.0,3.0,2.0,3.0
3,7.0,desktop,11,8.0,2.0,4.0,2.0
4,9.0,desktop,11,12.0,4.0,5.0,4.0
5,13.0,desktop,11,17.0,5.0,1.0,5.0
6,18.0,desktop,11,18.0,1.0,3.0,1.0
7,19.0,desktop,11,21.0,3.0,3.0,3.0
8,22.0,mobile,11,24.0,3.0,1.0,3.0
9,25.0,mobile,11,25.0,1.0,4.0,1.0
