,time,event0,event1,event2,event3,event4,event5
0,0.0,desktop,11,0.0,6.0,4.0,6.0
1,6.0,desktop,11,4.0,4.0,4.0,4.0
2,10.0,desktop,11,8.0,4.0,2.0,4.0
3,14.0,mobile,11,10.0,62.0,61.0,2.0
4,76.0,mobile,11,71.0,1.0,2.0,1.0
5,77.0,mobile,11,73.0,2.0,1.0,2.0
6,79.0,mobile,11,74.0,1.0,4.0,1.0
7,80.0,mobile,11,78.0,4.0,2.0,4.0
8,84.0,mobile,11,80.0,2.0,1.0,2.0
9,86.0,mobile,11,81.0,1.0,4.0,1.0
