,time,event0,event1,event2,event3,event4,event5
0,0.0,desktop,12,0.0,2.0,2.0,2.0
1,2.0,desktop,12,2.0,2.0,2.0,2.0
2,4.0,desktop,12,4.0,2.0,2.0,2.0
3,6.0,desktop,12,6.0,2.0,2.0,2.0
4,8.0,mobile,12,8.0,19.0,22.0,2.0
5,27.0,desktop,12,30.0,5.0,3.0,5.0
6,32.0,desktop,12,33.0,3.0,3.0,3.0
7,35.0,desktop,12,36.0,3.0,1.0,3.0
8,38.0,desktop,12,37.0,1.0,2.0,1.0
9,39.0,desktop,12,39.0,2.0,1.0,2.0
10,41.0,desktop,12,40.0,1.0,2.0,1.0
