,time,event0,event1,event2,event3,event4,event5
0,0.0,desktop,12,0.0,1.0,1.0,1.0
1,1.0,desktop,12,1.0,1.0,4.0,1.0
2,2.0,desktop,12,5.0,4.0,1.0,4.0
3,6.0,mobile,12,6.0,1.0,4.0,1.0
4,7.0,mobile,12,10.0,4.0,3.0,4.0
5,11.0,mobile,12,13.0,3.0,4.0,3.0
6,14.0,desktop,12,17.0,4.0,6.0,4.0
7,18.0,desktop,12,23.0,142.0,137.0,6.0
8,160.0,desktop,12,160.0,1.0,1.0,1.0
9,161.0,desktop,12,161.0,1.0,1.0,1.0
10,162.0,mobile,12,162.0,1.0,1.0,1.0
