,time,event0,event1,event2,event3,event4,event5
0,0.0,mobile,12,0.0,4.0,2.0,4.0
1,4.0,mobile,12,2.0,2.0,5.0,2.0
2,6.0,mobile,12,7.0,5.0,2.0,5.0
3,11.0,mobile,12,9.0,2.0,2.0,2.0
4,13.0,mobile,12,11.0,19.0,23.0,2.0
5,32.0,mobile,12,34.0,6.0,3.0,6.0
6,38.0,mobile,12,37.0,3.0,1.0,3.0
7,41.0,mobile,12,38.0,1.0,1.0,1.0
8,42.0,mobile,12,39.0,1.0,2.0,1.0
9,43.0,mobile,12,41.0,2.0,1.0,2.0
10,45.0,mobile,12,42.0,1.0,2.0,1.0
