,time,event0,event1,event2,event3,event4,event5
0,0.0,desktop,14,0.0,2.0,2.0,2.0
1,2.0,mobile,14,2.0,2.0,1.0,2.0
2,4.0,mobile,14,3.0,1.0,3.0,1.0
3,5.0,mobile,14,6.0,3.0,1.0,3.0
4,8.0,mobile,14,7.0,50.0,50.0,1.0
5,58.0,desktop,14,57.0,1.0,1.0,1.0
6,59.0,desktop,14,58.0,1.0,2.0,1.0
7,60.0,mobile,14,60.0,2.0,1.0,2.0
8,62.0,mobile,14,61.0,1.0,2.0,1.0
9,63.0,mobile,14,63.0,30.0,30.0,2.0
10,93.0,mobile,14,93.0,2.0,2.0,2.0
11,95.0,mobile,14,95.0,2.0,5.0,2.0
12,97.0,mobile,14,100.0,5.0,3.0,5.0
