,time,event0,event1,event2,event3,event4,event5
0,0.0,mobile,11,0.0,1.0,1.0,1.0
1,1.0,mobile,11,1.0,1.0,2.0,1.0
2,2.0,mobile,11,3.0,2.0,4.0,2.0
3,4.0,mobile,11,7.0,4.0,3.0,4.0
4,8.0,mobile,11,10.0,153.0,151.0,3.0
5,161.0,mobile,11,161.0,1.0,2.0,1.0
6,162.0,mobile,11,163.0,2.0,1.0,2.0
7,164.0,mobile,11,164.0,1.0,1.0,1.0
8,165.0,mobile,11,165.0,1.0,1.0,1.0
9,166.0,mobile,11,166.0,1.0,2.0,1.0
