,time,event0,event1,event2,event3,event4,event5
0,0.0,desktop,13,0.0,3.0,4.0,2.0
1,3.0,desktop,13,4.0,3.0,1.0,3.0
2,6.0,desktop,13,5.0,1.0,1.0,1.0
3,7.0,desktop,13,6.0,1.0,2.0,1.0
4,8.0,desktop,13,8.0,134.0,134.0,2.0
5,142.0,desktop,13,142.0,2.0,1.0,2.0
6,144.0,desktop,13,143.0,1.0,1.0,1.0
7,145.0,mobile,13,144.0,1.0,1.0,1.0
8,146.0,mobile,13,145.0,47.0,50.0,1.0
9,193.0,desktop,13,195.0,4.0,1.0,4.0
10,197.0,desktop,13,196.0,1.0,3.0,1.0
11,198.0,desktop,13,199.0,3.0,2.0,3.0
