,time,event0,event1,event2,event3,event4,event5
0,0.0,desktop,16,0.0,2.0,1.0,2.0
1,2.0,desktop,16,1.0,1.0,1.0,1.0
2,3.0,desktop,16,2.0,1.0,2.0,1.0
3,4.0,desktop,16,4.0,2.0,4.0,2.0
4,6.0,desktop,16,8.0,4.0,3.0,4.0
5,10.0,desktop,16,11.0,3.0,3.0,3.0
6,13.0,desktop,16,14.0,25.0,24.0,3.0
7,38.0,desktop,16,38.0,2.0,1.0,2.0
8,40.0,desktop,16,39.0,1.0,2.0,1.0
9,41.0,desktop,16,41.0,2.0,2.0,2.0
10,43.0,desktop,16,43.0,2.0,1.0,2.0
11,45.0,desktop,16,44.0,58.0,60.0,1.0
12,103.0,mobile,16,104.0,3.0,1.0,3.0
13,106.0,mobile,16,105.0,1.0,1.0,1.0
14,107.0,mobile,16,106.0,1.0,2.0,1.0
