,time,event0,event1,event2,event3,event4,event5
0,0.0,desktop,12,0.0,1.0,1.0,1.0
1,1.0,desktop,12,1.0,1.0,4.0,1.0
2,2.0,desktop,12,5.0,4.0,1.0,4.0
3,6.0,desktop,12,6.0,1.0,2.0,1.0
4,7.0,desktop,12,8.0,2.0,3.0,2.0
5,9.0,desktop,12,11.0,3.0,2.0,3.0
6,12.0,desktop,12,13.0,178.0,177.0,2.0
7,190.0,desktop,12,190.0,1.0,1.0,1.0
8,191.0,desktop,12,191.0,1.0,1.0,1.0
9,192.0,desktop,12,192.0,1.0,1.0,1.0
10,193.0,desktop,12,193.0,1.0,1.0,1.0
