,time,event0,event1,event2,event3,event4,event5
0,0.0,desktop,12,0.0,4.0,3.0,4.0
1,4.0,desktop,12,3.0,3.0,1.0,3.0
2,7.0,desktop,12,4.0,1.0,2.0,1.0
3,8.0,desktop,12,6.0,137.0,136.0,2.0
4,145.0,desktop,12,142.0,1.0,1.0,1.0
5,146.0,desktop,12,143.0,1.0,2.0,1.0
6,147.0,desktop,12,145.0,2.0,3.0,2.0
7,149.0,desktop,12,148.0,4.0,3.0,3.0
8,153.0,desktop,12,151.0,2.0,2.0,2.0
9,155.0,desktop,12,153.0,2.0,1.0,2.0
10,157.0,desktop,12,154.0,1.0,2.0,1.0
