,time,event0,event1,event2,event3,event4,event5
0,0.0,desktop,13,0.0,3.0,2.0,3.0
1,3.0,desktop,13,2.0,2.0,3.0,2.0
2,5.0,desktop,13,5.0,3.0,2.0,3.0
3,8.0,desktop,13,7.0,60.0,59.0,2.0
4,68.0,desktop,13,66.0,1.0,2.0,1.0
5,69.0,desktop,13,68.0,2.0,1.0,2.0
6,71.0,desktop,13,69.0,1.0,4.0,1.0
7,72.0,desktop,13,73.0,45.0,45.0,4.0
8,117.0,desktop,13,118.0,4.0,2.0,4.0
9,121.0,desktop,13,120.0,2.0,2.0,2.0
10,123.0,desktop,13,122.0,2.0,2.0,2.0
11,125.0,desktop,13,124.0,2.0,2.0,2.0
