,time,event0,event1,event2,event3,event4,event5
0,0.0,mobile,12,0.0,2.0,2.0,2.0
1,2.0,mobile,12,2.0,2.0,3.0,2.0
2,4.0,mobile,12,5.0,3.0,3.0,3.0
3,7.0,mobile,12,8.0,73.0,72.0,3.0
4,80.0,mobile,12,80.0,2.0,2.0,2.0
5,82.0,mobile,12,82.0,2.0,5.0,2.0
6,84.0,mobile,12,87.0,5.0,5.0,5.0
7,89.0,mobile,12,92.0,141.0,139.0,5.0
8,230.0,mobile,12,231.0,3.0,2.0,3.0
9,233.0,mobile,12,233.0,2.0,3.0,2.0
10,235.0,mobile,12,236.0,3.0,5.0,3.0
