,time,event0,event1,event2,event3,event4,event5
0,0.0,mobile,13,0.0,1.0,2.0,1.0
1,1.0,mobile,13,2.0,2.0,4.0,2.0
2,3.0,mobile,13,6.0,4.0,2.0,4.0
3,7.0,mobile,13,8.0,2.0,3.0,2.0
4,9.0,mobile,13,11.0,3.0,3.0,3.0
5,12.0,mobile,13,14.0,3.0,1.0,3.0
6,15.0,mobile,13,15.0,1.0,3.0,1.0
7,16.0,mobile,13,18.0,24.0,24.0,3.0
8,40.0,mobile,13,42.0,3.0,2.0,3.0
9,43.0,mobile,13,44.0,2.0,1.0,2.0
10,45.0,mobile,13,45.0,1.0,1.0,1.0
11,46.0,mobile,13,46.0,1.0,3.0,1.0
