,time,event0,event1,event2,event3,event4,event5
0,0.0,desktop,12,0.0,1.0,2.0,1.0
1,1.0,desktop,12,2.0,2.0,4.0,2.0
2,3.0,desktop,12,6.0,4.0,1.0,4.0
3,7.0,mobile,12,7.0,8.0,8.0,1.0
4,15.0,mobile,12,15.0,1.0,1.0,1.0
5,16.0,desktop,12,16.0,1.0,1.0,1.0
6,17.0,desktop,12,17.0,1.0,5.0,1.0
7,18.0,mobile,12,22.0,5.0,2.0,5.0
8,23.0,desktop,12,24.0,2.0,4.0,2.0
9,25.0,desktop,12,28.0,4.0,5.0,4.0
10,29.0,desktop,12,33.0,5.0,3.0,5.0
