,time,event0,event1,event2,event3,event4,event5
0,0.0,desktop,11,0.0,2.0,1.0,2.0
1,2.0,desktop,11,1.0,1.0,1.0,1.0
2,3.0,desktop,11,2.0,1.0,3.0,1.0
3,4.0,desktop,11,5.0,3.0,2.0,3.0
4,7.0,desktop,11,7.0,2.0,2.0,2.0
5,9.0,desktop,11,9.0,2.0,3.0,2.0
6,11.0,desktop,11,12.0,95.0,97.0,3.0
7,106.0,desktop,11,109.0,5.0,2.0,5.0
8,111.0,desktop,11,111.0,2.0,2.0,2.0
9,113.0,desktop,11,113.0,2.0,1.0,2.0
