,time,event0,event1,event2,event3,event4,event5
0,0.0,desktop,12,0.0,1.0,2.0,1.0
1,1.0,desktop,12,2.0,2.0,4.0,2.0
2,3.0,desktop,12,6.0,4.0,1.0,4.0
3,7.0,desktop,12,7.0,82.0,82.0,1.0
4,89.0,desktop,12,89.0,1.0,3.0,1.0
5,90.0,desktop,12,92.0,3.0,1.0,3.0
6,93.0,desktop,12,93.0,1.0,1.0,1.0
7,94.0,desktop,12,94.0,1.0,2.0,1.0
8,95.0,desktop,12,96.0,2.0,3.0,2.0
9,97.0,desktop,12,99.0,3.0,1.0,3.0
10,100.0,desktop,12,100.0,1.0,1.0,1.0
