,time,event0,event1,event2,event3,event4,event5
0,0.0,mobile,12,0.0,1.0,1.0,1.0
1,1.0,mobile,12,1.0,1.0,1.0,1.0
2,2.0,mobile,12,2.0,3.0,3.0,1.0
3,5.0,mobile,12,5.0,133.0,133.0,1.0
4,138.0,desktop,12,138.0,1.0,1.0,1.0
5,139.0,desktop,12,139.0,1.0,1.0,1.0
6,140.0,mobile,12,140.0,1.0,1.0,1.0
7,141.0,mobile,12,141.0,219.0,221.0,1.0
8,360.0,desktop,12,362.0,3.0,1.0,3.0
9,363.0,mobile,12,363.0,1.0,2.0,1.0
10,364.0,desktop,12,365.0,2.0,1.0,2.0
