,time,event0,event1,event2,event3,event4,event5
0,0.0,desktop,12,0.0,1.0,3.0,1.0
1,1.0,mobile,12,3.0,3.0,2.0,3.0
2,4.0,desktop,12,5.0,2.0,2.0,2.0
3,6.0,mobile,12,7.0,2.0,2.0,2.0
4,8.0,desktop,12,9.0,2.0,2.0,2.0
5,10.0,desktop,12,11.0,2.0,4.0,2.0
6,12.0,mobile,12,15.0,4.0,1.0,4.0
7,16.0,mobile,12,16.0,14.0,16.0,1.0
8,30.0,mobile,12,32.0,3.0,2.0,3.0
9,33.0,tablet,12,34.0,2.0,3.0,2.0
10,35.0,desktop,12,37.0,3.0,2.0,3.0
