,time,event0,event1,event2,event3,event4,event5
0,0.0,desktop,12,0.0,3.0,1.0,3.0
1,3.0,desktop,12,1.0,1.0,5.0,1.0
2,4.0,desktop,12,6.0,5.0,1.0,5.0
3,9.0,desktop,12,7.0,83.0,83.0,1.0
4,92.0,desktop,12,90.0,1.0,1.0,1.0
5,93.0,desktop,12,91.0,1.0,3.0,1.0
6,94.0,desktop,12,94.0,3.0,3.0,3.0
7,97.0,desktop,12,97.0,64.0,62.0,3.0
8,161.0,desktop,12,159.0,1.0,1.0,1.0
9,162.0,desktop,12,160.0,1.0,1.0,1.0
10,163.0,desktop,12,161.0,1.0,2.0,1.0
