,time,event0,event1,event2,event3,event4,event5
0,0.0,desktop,13,0.0,3.0,4.0,3.0
1,3.0,mobile,13,4.0,4.0,4.0,4.0
2,7.0,mobile,13,8.0,4.0,4.0,4.0
3,11.0,mobile,13,12.0,4.0,4.0,4.0
4,15.0,desktop,13,16.0,4.0,5.0,4.0
5,19.0,mobile,13,21.0,55.0,51.0,5.0
6,74.0,tablet,13,72.0,1.0,1.0,1.0
7,75.0,mobile,13,73.0,1.0,2.0,1.0
8,76.0,tablet,13,75.0,2.0,1.0,2.0
9,78.0,mobile,13,76.0,1.0,3.0,1.0
10,79.0,tablet,13,79.0,3.0,2.0,3.0
11,82.0,tablet,13,81.0,2.0,2.0,2.0
