,time,event0,event1,event2,event3,event4,event5
0,0.0,desktop,11,0.0,1.0,3.0,1.0
1,1.0,desktop,11,3.0,5.0,3.0,3.0
2,6.0,desktop,11,6.0,1.0,2.0,1.0
3,7.0,desktop,11,8.0,2.0,1.0,2.0
4,9.0,desktop,11,9.0,1.0,2.0,1.0
5,10.0,desktop,11,11.0,117.0,117.0,2.0
6,127.0,desktop,11,128.0,2.0,1.0,2.0
7,129.0,desktop,11,129.0,1.0,3.0,1.0
8,130.0,desktop,11,132.0,3.0,1.0,3.0
9,133.0,desktop,11,133.0,1.0,1.0,1.0
