,time,event0,event1,event2,event3,event4,event5
0,0.0,mobile,11,0.0,1.0,3.0,1.0
1,1.0,mobile,11,3.0,3.0,6.0,3.0
2,4.0,mobile,11,9.0,6.0,1.0,6.0
3,10.0,mobile,11,10.0,1.0,3.0,1.0
4,11.0,mobile,11,13.0,3.0,1.0,3.0
5,14.0,mobile,11,14.0,1.0,5.0,1.0
6,15.0,mobile,11,19.0,5.0,1.0,5.0
7,20.0,mobile,11,20.0,1.0,2.0,1.0
8,21.0,mobile,11,22.0,2.0,1.0,2.0
9,23.0,mobile,11,23.0,1.0,2.0,1.0
