,time,event0,event1,event2,event3,event4,event5
0,0.0,mobile,12,0.0,3.0,1.0,3.0
1,3.0,desktop,12,1.0,1.0,3.0,1.0
2,4.0,desktop,12,4.0,3.0,5.0,3.0
3,7.0,desktop,12,9.0,19.0,15.0,5.0
4,26.0,desktop,12,24.0,1.0,1.0,1.0
5,27.0,desktop,12,25.0,1.0,1.0,1.0
6,28.0,desktop,12,26.0,1.0,2.0,1.0
7,29.0,desktop,12,28.0,250.0,249.0,2.0
8,279.0,desktop,12,277.0,1.0,1.0,1.0
9,280.0,desktop,12,278.0,1.0,1.0,1.0
10,281.0,mobile,12,279.0,1.0,1.0,1.0
