,time,event0,event1,event2,event3,event4,event5
0,0.0,mobile,11,0.0,3.0,3.0,3.0
1,3.0,tablet,11,3.0,3.0,6.0,3.0
2,6.0,tablet,11,9.0,6.0,4.0,6.0
3,12.0,tablet,11,13.0,4.0,4.0,4.0
4,16.0,tablet,11,17.0,4.0,1.0,4.0
5,20.0,tablet,11,18.0,1.0,7.0,1.0
6,21.0,tablet,11,25.0,7.0,1.0,7.0
7,28.0,mobile,11,26.0,1.0,4.0,1.0
8,29.0,mobile,11,30.0,4.0,2.0,4.0
9,33.0,mobile,11,32.0,2.0,5.0,2.0
