,time,event0,event1,event2,event3,event4,event5
0,0.0,desktop,12,0.0,1.0,1.0,1.0
1,1.0,desktop,12,1.0,1.0,1.0,1.0
2,2.0,desktop,12,2.0,1.0,3.0,1.0
3,3.0,desktop,12,5.0,23.0,22.0,3.0
4,26.0,desktop,12,27.0,2.0,1.0,2.0
5,28.0,desktop,12,28.0,1.0,2.0,1.0
6,29.0,desktop,12,30.0,2.0,1.0,2.0
7,31.0,desktop,12,31.0,45.0,48.0,1.0
8,76.0,desktop,12,79.0,4.0,1.0,4.0
9,80.0,desktop,12,80.0,1.0,1.0,1.0
10,81.0,desktop,12,81.0,1.0,3.0,1.0
