,time,event0,event1,event2,event3,event4,event5
0,0.0,desktop,11,0.0,2.0,3.0,2.0
1,2.0,desktop,11,3.0,3.0,2.0,3.0
2,5.0,desktop,11,5.0,2.0,1.0,2.0
3,7.0,desktop,11,6.0,1.0,1.0,1.0
4,8.0,desktop,11,7.0,1.0,2.0,1.0
5,9.0,desktop,11,9.0,233.0,233.0,2.0
6,242.0,desktop,11,242.0,2.0,2.0,2.0
7,244.0,desktop,11,244.0,2.0,1.0,2.0
8,246.0,desktop,11,245.0,1.0,4.0,1.0
9,247.0,desktop,11,249.0,4.0,1.0,4.0
