,time,event0,event1,event2,event3,event4,event5
0,0.0,desktop,12,0.0,4.0,3.0,4.0
1,4.0,desktop,12,3.0,3.0,2.0,3.0
2,7.0,desktop,12,5.0,2.0,1.0,2.0
3,9.0,desktop,12,6.0,8.0,9.0,1.0
4,17.0,desktop,12,15.0,2.0,1.0,2.0
5,19.0,mobile,12,16.0,1.0,1.0,1.0
6,20.0,desktop,12,17.0,1.0,5.0,1.0
7,21.0,mobile,12,22.0,5.0,1.0,5.0
8,26.0,mobile,12,23.0,1.0,1.0,1.0
9,27.0,mobile,12,24.0,1.0,2.0,1.0
10,28.0,mobile,12,26.0,2.0,1.0,2.0
