,time,event0,event1,event2,event3,event4,event5
0,0.0,tablet,13,0.0,1.0,5.0,1.0
1,1.0,tablet,13,5.0,5.0,1.0,5.0
2,6.0,tablet,13,6.0,1.0,1.0,1.0
3,7.0,mobile,13,7.0,233.0,235.0,1.0
4,240.0,desktop,13,242.0,3.0,2.0,3.0
5,243.0,desktop,13,244.0,2.0,3.0,2.0
6,245.0,desktop,13,247.0,3.0,3.0,3.0
7,248.0,desktop,13,250.0,3.0,1.0,3.0
8,251.0,desktop,13,251.0,1.0,2.0,1.0
9,252.0,desktop,13,253.0,2.0,1.0,2.0
10,254.0,desktop,13,254.0,1.0,2.0,1.0
11,255.0,desktop,13,256.0,2.0,1.0,2.0
