,time,event0,event1,event2,event3,event4,event5
0,0.0,desktop,12,0.0,6.0,4.0,6.0
1,6.0,desktop,12,4.0,4.0,3.0,4.0
2,10.0,desktop,12,7.0,3.0,2.0,3.0
3,13.0,desktop,12,9.0,2.0,2.0,2.0
4,15.0,desktop,12,11.0,2.0,2.0,2.0
5,17.0,desktop,12,13.0,2.0,2.0,2.0
6,19.0,mobile,12,15.0,2.0,1.0,2.0
7,21.0,desktop,12,16.0,76.0,77.0,1.0
8,97.0,mobile,12,93.0,2.0,3.0,2.0
9,99.0,mobile,12,96.0,3.0,9.0,3.0
10,102.0,mobile,12,105.0,9.0,7.0,9.0
