,time,event0,event1,event2,event3,event4,event5
0,0.0,desktop,12,0.0,2.0,3.0,2.0
1,2.0,desktop,12,3.0,3.0,4.0,3.0
2,5.0,desktop,12,7.0,9.0,9.0,4.0
3,14.0,desktop,12,16.0,160.0,159.0,4.0
4,174.0,mobile,12,175.0,3.0,5.0,3.0
5,177.0,desktop,12,180.0,5.0,4.0,5.0
6,182.0,desktop,12,184.0,4.0,3.0,4.0
7,186.0,desktop,12,187.0,3.0,2.0,3.0
8,189.0,desktop,12,189.0,2.0,2.0,2.0
9,191.0,desktop,12,191.0,2.0,3.0,2.0
10,193.0,desktop,12,194.0,3.0,1.0,3.0
