,time,event0,event1,event2,event3,event4,event5
0,0.0,desktop,13,0.0,1.0,3.0,1.0
1,1.0,mobile,13,3.0,3.0,3.0,3.0
2,4.0,mobile,13,6.0,3.0,1.0,3.0
3,7.0,mobile,13,7.0,1.0,1.0,1.0
4,8.0,mobile,13,8.0,72.0,73.0,1.0
5,80.0,desktop,13,81.0,2.0,1.0,2.0
6,82.0,desktop,13,82.0,1.0,1.0,1.0
7,83.0,desktop,13,83.0,1.0,3.0,1.0
8,84.0,desktop,13,86.0,3.0,4.0,3.0
9,87.0,desktop,13,90.0,4.0,3.0,4.0
10,91.0,desktop,13,93.0,3.0,3.0,3.0
11,94.0,desktop,13,96.0,3.0,1.0,3.0
