,time,event0,event1,event2,event3,event4,event5
0,0.0,desktop,11,0.0,1.0,2.0,1.0
1,1.0,mobile,11,2.0,2.0,3.0,2.0
2,3.0,desktop,11,5.0,3.0,4.0,3.0
3,6.0,desktop,11,9.0,4.0,1.0,4.0
4,10.0,desktop,11,10.0,1.0,1.0,1.0
5,11.0,desktop,11,11.0,1.0,1.0,1.0
6,12.0,desktop,11,12.0,119.0,119.0,1.0
7,131.0,mobile,11,131.0,1.0,1.0,1.0
8,132.0,desktop,11,132.0,1.0,1.0,1.0
9,133.0,desktop,11,133.0,1.0,2.0,1.0
