,time,event0,event1,event2,event3,event4,event5
0,0.0,desktop,13,0.0,3.0,1.0,3.0
1,3.0,desktop,13,1.0,1.0,1.0,1.0
2,4.0,desktop,13,2.0,1.0,1.0,1.0
3,5.0,desktop,13,3.0,1.0,1.0,1.0
4,6.0,desktop,13,4.0,6.0,7.0,1.0
5,12.0,mobile,13,11.0,2.0,2.0,2.0
6,14.0,mobile,13,13.0,2.0,4.0,2.0
7,16.0,mobile,13,17.0,4.0,1.0,4.0
8,20.0,mobile,13,18.0,40.0,41.0,1.0
9,60.0,mobile,13,59.0,2.0,3.0,2.0
10,62.0,mobile,13,62.0,3.0,3.0,3.0
11,65.0,mobile,13,65.0,3.0,2.0,3.0
