,time,event0,event1,event2,event3,event4,event5
0,0.0,mobile,12,0.0,2.0,1.0,2.0
1,2.0,mobile,12,1.0,1.0,1.0,1.0
2,3.0,desktop,12,2.0,1.0,3.0,1.0
3,4.0,mobile,12,5.0,184.0,182.0,3.0
4,188.0,desktop,12,187.0,1.0,3.0,1.0
5,189.0,desktop,12,190.0,3.0,4.0,3.0
6,192.0,desktop,12,194.0,4.0,3.0,4.0
7,196.0,desktop,12,197.0,3.0,3.0,3.0
8,199.0,desktop,12,200.0,3.0,4.0,3.0
9,202.0,desktop,12,204.0,4.0,1.0,4.0
10,206.0,desktop,12,205.0,1.0,1.0,1.0
