,time,event0,event1,event2,event3,event4,event5
0,0.0,desktop,13,0.0,2.0,3.0,2.0
1,2.0,desktop,13,3.0,3.0,1.0,3.0
2,5.0,desktop,13,4.0,1.0,2.0,1.0
3,6.0,desktop,13,6.0,2.0,1.0,2.0
4,8.0,desktop,13,7.0,1.0,1.0,1.0
5,9.0,desktop,13,8.0,68.0,71.0,1.0
6,77.0,desktop,13,79.0,4.0,3.0,4.0
7,81.0,desktop,13,82.0,3.0,2.0,3.0
8,84.0,desktop,13,84.0,2.0,2.0,2.0
9,86.0,desktop,13,86.0,2.0,2.0,2.0
10,88.0,desktop,13,88.0,2.0,6.0,2.0
11,90.0,desktop,13,94.0,6.0,2.0,6.0
