,time,event0,event1,event2,event3,event4,event5
0,0.0,mobile,13,0.0,1.0,1.0,1.0
1,1.0,mobile,13,1.0,1.0,2.0,1.0
2,2.0,mobile,13,3.0,2.0,1.0,2.0
3,4.0,mobile,13,4.0,143.0,145.0,1.0
4,147.0,mobile,13,149.0,3.0,3.0,3.0
5,150.0,mobile,13,152.0,3.0,2.0,3.0
6,153.0,mobile,13,154.0,2.0,2.0,2.0
7,155.0,mobile,13,156.0,2.0,1.0,2.0
8,157.0,mobile,13,157.0,84.0,84.0,1.0
9,241.0,mobile,13,241.0,1.0,3.0,1.0
10,242.0,mobile,13,244.0,3.0,2.0,3.0
11,245.0,mobile,13,246.0,2.0,1.0,2.0
