,time,event0,event1,event2,event3,event4,event5
0,0.0,mobile,11,0.0,1.0,3.0,1.0
1,1.0,mobile,11,3.0,3.0,1.0,3.0
2,4.0,mobile,11,4.0,1.0,2.0,1.0
3,5.0,mobile,11,6.0,142.0,142.0,2.0
4,147.0,desktop,11,148.0,2.0,2.0,2.0
5,149.0,desktop,11,150.0,2.0,2.0,2.0
6,151.0,desktop,11,152.0,2.0,2.0,2.0
7,153.0,desktop,11,154.0,2.0,1.0,2.0
8,155.0,desktop,11,155.0,1.0,6.0,1.0
9,156.0,desktop,11,161.0,6.0,2.0,6.0
