,time,event0,event1,event2,event3,event4,event5
0,0.0,desktop,13,0.0,3.0,3.0,3.0
1,3.0,desktop,13,3.0,3.0,2.0,3.0
2,6.0,desktop,13,5.0,2.0,3.0,2.0
3,8.0,desktop,13,8.0,3.0,3.0,3.0
4,11.0,desktop,13,11.0,3.0,4.0,3.0
5,14.0,desktop,13,15.0,4.0,3.0,4.0
6,18.0,desktop,13,18.0,3.0,2.0,3.0
7,21.0,desktop,13,20.0,2.0,4.0,2.0
8,23.0,desktop,13,24.0,41.0,41.0,4.0
9,64.0,desktop,13,65.0,4.0,2.0,4.0
10,68.0,desktop,13,67.0,2.0,1.0,2.0
11,70.0,desktop,13,68.0,1.0,3.0,1.0
