,time,event0,event1,event2,event3,event4,event5
0,0.0,mobile,11,0.0,4.0,3.0,4.0
1,4.0,mobile,11,3.0,3.0,2.0,3.0
2,7.0,mobile,11,5.0,2.0,1.0,2.0
3,9.0,mobile,11,6.0,1.0,5.0,1.0
4,10.0,mobile,11,11.0,6.0,4.0,5.0
5,16.0,mobile,11,15.0,3.0,1.0,3.0
6,19.0,mobile,11,16.0,1.0,1.0,1.0
7,20.0,mobile,11,17.0,1.0,2.0,1.0
8,21.0,mobile,11,19.0,2.0,6.0,2.0
9,23.0,mobile,11,25.0,6.0,10.0,6.0
