,time,event0,event1,event2,event3,event4,event5
0,0.0,desktop,12,0.0,2.0,3.0,2.0
1,2.0,desktop,12,3.0,3.0,2.0,3.0
2,5.0,desktop,12,5.0,2.0,1.0,2.0
3,7.0,desktop,12,6.0,34.0,35.0,1.0
4,41.0,desktop,12,41.0,2.0,1.0,2.0
5,43.0,desktop,12,42.0,1.0,5.0,1.0
6,44.0,desktop,12,47.0,5.0,2.0,5.0
7,49.0,desktop,12,49.0,58.0,57.0,2.0
8,107.0,desktop,12,106.0,1.0,1.0,1.0
9,108.0,desktop,12,107.0,1.0,1.0,1.0
10,109.0,desktop,12,108.0,1.0,1.0,1.0
