,time,event0,event1,event2,event3,event4,event5
0,0.0,tablet,12,0.0,2.0,1.0,2.0
1,2.0,mobile,12,1.0,1.0,1.0,1.0
2,3.0,mobile,12,2.0,1.0,1.0,1.0
3,4.0,mobile,12,3.0,1.0,1.0,1.0
4,5.0,mobile,12,4.0,1.0,1.0,1.0
5,6.0,desktop,12,5.0,132.0,132.0,1.0
6,138.0,desktop,12,137.0,1.0,1.0,1.0
7,139.0,desktop,12,138.0,2.0,2.0,1.0
8,141.0,desktop,12,140.0,4.0,6.0,1.0
9,145.0,desktop,12,146.0,3.0,1.0,3.0
10,148.0,desktop,12,147.0,1.0,1.0,1.0
