,time,event0,event1,event2,event3,event4,event5
0,0.0,desktop,12,0.0,1.0,3.0,1.0
1,1.0,desktop,12,3.0,3.0,14.0,3.0
2,4.0,desktop,12,17.0,14.0,1.0,14.0
3,18.0,desktop,12,18.0,112.0,114.0,1.0
4,130.0,desktop,12,132.0,3.0,6.0,3.0
5,133.0,desktop,12,138.0,8.0,3.0,6.0
6,141.0,desktop,12,141.0,1.0,2.0,1.0
7,142.0,desktop,12,143.0,2.0,1.0,2.0
8,144.0,desktop,12,144.0,1.0,1.0,1.0
9,145.0,desktop,12,145.0,1.0,1.0,1.0
10,146.0,desktop,12,146.0,1.0,1.0,1.0
