,time,event0,event1,event2,event3,event4,event5
0,0.0,mobile,13,0.0,5.0,1.0,5.0
1,5.0,mobile,13,1.0,1.0,3.0,1.0
2,6.0,mobile,13,4.0,3.0,1.0,3.0
3,9.0,mobile,13,5.0,1.0,3.0,1.0
4,10.0,mobile,13,8.0,160.0,161.0,3.0
5,170.0,mobile,13,169.0,4.0,1.0,4.0
6,174.0,mobile,13,170.0,1.0,1.0,1.0
7,175.0,mobile,13,171.0,1.0,1.0,1.0
8,176.0,mobile,13,172.0,120.0,122.0,1.0
9,296.0,mobile,13,294.0,3.0,3.0,3.0
10,299.0,mobile,13,297.0,3.0,2.0,3.0
11,302.0,mobile,13,299.0,2.0,1.0,2.0
