,time,event0,event1,event2,event3,event4,event5
0,0.0,desktop,12,0.0,3.0,2.0,3.0
1,3.0,desktop,12,2.0,2.0,3.0,2.0
2,5.0,desktop,12,5.0,3.0,1.0,3.0
3,8.0,desktop,12,6.0,1.0,1.0,1.0
4,9.0,desktop,12,7.0,1.0,1.0,1.0
5,10.0,desktop,12,8.0,229.0,232.0,1.0
6,239.0,desktop,12,240.0,4.0,1.0,4.0
7,243.0,desktop,12,241.0,1.0,2.0,1.0
8,244.0,desktop,12,243.0,2.0,1.0,2.0
9,246.0,desktop,12,244.0,1.0,1.0,1.0
10,247.0,desktop,12,245.0,1.0,1.0,1.0
