,time,event0,event1,event2,event3,event4,event5
0,0.0,mobile,11,0.0,2.0,2.0,2.0
1,2.0,mobile,11,2.0,2.0,3.0,2.0
2,4.0,mobile,11,5.0,3.0,1.0,3.0
3,7.0,mobile,11,6.0,1.0,4.0,1.0
4,8.0,mobile,11,10.0,178.0,176.0,4.0
5,186.0,desktop,11,186.0,2.0,1.0,2.0
6,188.0,desktop,11,187.0,1.0,1.0,1.0
7,189.0,desktop,11,188.0,1.0,1.0,1.0
8,190.0,desktop,11,189.0,1.0,1.0,1.0
9,191.0,desktop,11,190.0,1.0,1.0,1.0
