,time,event0,event1,event2,event3,event4,event5
0,0.0,mobile,11,0.0,2.0,5.0,2.0
1,2.0,mobile,11,5.0,5.0,7.0,5.0
2,7.0,mobile,11,12.0,7.0,2.0,7.0
3,14.0,mobile,11,14.0,34.0,49.0,2.0
4,48.0,mobile,11,63.0,17.0,3.0,17.0
5,65.0,mobile,11,66.0,3.0,2.0,3.0
6,68.0,mobile,11,68.0,2.0,3.0,2.0
7,70.0,mobile,11,71.0,3.0,2.0,3.0
8,73.0,mobile,11,73.0,2.0,2.0,2.0
9,75.0,mobile,11,75.0,2.0,7.0,2.0
