,time,event0,event1,event2,event3,event4,event5
0,0.0,desktop,13,0.0,1.0,1.0,1.0
1,1.0,desktop,13,1.0,1.0,1.0,1.0
2,2.0,desktop,13,2.0,1.0,1.0,1.0
3,3.0,desktop,13,3.0,86.0,86.0,1.0
4,89.0,mobile,13,89.0,1.0,1.0,1.0
5,90.0,mobile,13,90.0,1.0,1.0,1.0
6,91.0,mobile,13,91.0,1.0,1.0,1.0
7,92.0,mobile,13,92.0,81.0,81.0,1.0
8,173.0,mobile,13,173.0,1.0,4.0,1.0
9,174.0,mobile,13,177.0,4.0,2.0,4.0
10,178.0,mobile,13,179.0,2.0,1.0,2.0
11,180.0,mobile,13,180.0,1.0,2.0,1.0
