,time,event0,event1,event2,event3,event4,event5
0,0.0,desktop,13,0.0,1.0,2.0,1.0
1,1.0,desktop,13,2.0,2.0,7.0,2.0
2,3.0,desktop,13,9.0,7.0,6.0,7.0
3,10.0,desktop,13,15.0,6.0,1.0,6.0
4,16.0,desktop,13,16.0,1.0,1.0,1.0
5,17.0,desktop,13,17.0,13.0,15.0,1.0
6,30.0,tablet,13,32.0,3.0,1.0,3.0
7,33.0,desktop,13,33.0,1.0,4.0,1.0
8,34.0,desktop,13,37.0,4.0,5.0,4.0
9,38.0,desktop,13,42.0,5.0,9.0,5.0
10,43.0,desktop,13,51.0,9.0,1.0,9.0
11,52.0,desktop,13,52.0,1.0,2.0,1.0
