,time,event0,event1,event2,event3,event4,event5
0,0.0,desktop,13,0.0,1.0,4.0,1.0
1,1.0,desktop,13,4.0,4.0,2.0,4.0
2,5.0,desktop,13,6.0,2.0,2.0,2.0
3,7.0,desktop,13,8.0,2.0,1.0,2.0
4,9.0,desktop,13,9.0,1.0,2.0,1.0
5,10.0,desktop,13,11.0,2.0,2.0,2.0
6,12.0,desktop,13,13.0,2.0,3.0,2.0
7,14.0,desktop,13,16.0,3.0,2.0,3.0
8,17.0,desktop,13,18.0,190.0,189.0,2.0
9,207.0,desktop,13,207.0,1.0,2.0,1.0
10,208.0,desktop,13,209.0,2.0,3.0,2.0
11,210.0,desktop,13,212.0,3.0,2.0,3.0
