,time,event0,event1,event2,event3,event4,event5
0,0.0,desktop,13,0.0,3.0,2.0,3.0
1,3.0,desktop,13,2.0,2.0,1.0,2.0
2,5.0,desktop,13,3.0,1.0,1.0,1.0
3,6.0,mobile,13,4.0,215.0,215.0,1.0
4,221.0,mobile,13,219.0,1.0,1.0,1.0
5,222.0,mobile,13,220.0,1.0,1.0,1.0
6,223.0,mobile,13,221.0,1.0,1.0,1.0
7,224.0,mobile,13,222.0,1.0,2.0,1.0
8,225.0,mobile,13,224.0,2.0,2.0,2.0
9,227.0,mobile,13,226.0,2.0,4.0,2.0
10,229.0,mobile,13,230.0,4.0,1.0,4.0
11,233.0,mobile,13,231.0,1.0,1.0,1.0
