,time,event0,event1,event2,event3,event4,event5
0,0.0,desktop,12,0.0,5.0,2.0,5.0
1,5.0,desktop,12,2.0,2.0,2.0,2.0
2,7.0,desktop,12,4.0,12.0,12.0,2.0
3,19.0,desktop,12,16.0,2.0,3.0,2.0
4,21.0,desktop,12,19.0,3.0,2.0,3.0
5,24.0,desktop,12,21.0,3.0,3.0,2.0
6,27.0,mobile,12,24.0,2.0,4.0,2.0
7,29.0,desktop,12,28.0,4.0,2.0,4.0
8,33.0,desktop,12,30.0,2.0,3.0,2.0
9,35.0,desktop,12,33.0,3.0,1.0,3.0
10,38.0,desktop,12,34.0,1.0,5.0,1.0
