,time,event0,event1,event2,event3,event4,event5
0,0.0,desktop,13,0.0,2.0,5.0,2.0
1,2.0,desktop,13,5.0,5.0,1.0,5.0
2,7.0,desktop,13,6.0,1.0,5.0,1.0
3,8.0,desktop,13,11.0,304.0,300.0,5.0
4,312.0,desktop,13,311.0,1.0,12.0,1.0
5,313.0,desktop,13,323.0,12.0,1.0,12.0
6,325.0,desktop,13,324.0,1.0,5.0,1.0
7,326.0,desktop,13,329.0,5.0,3.0,5.0
8,331.0,desktop,13,332.0,3.0,1.0,3.0
9,334.0,desktop,13,333.0,1.0,5.0,1.0
10,335.0,desktop,13,338.0,5.0,1.0,5.0
11,340.0,desktop,13,339.0,1.0,1.0,1.0
