,time,event0,event1,event2,event3,event4,event5
0,0.0,desktop,11,0.0,2.0,2.0,2.0
1,2.0,desktop,11,2.0,2.0,6.0,2.0
2,4.0,desktop,11,8.0,6.0,1.0,6.0
3,10.0,desktop,11,9.0,1.0,1.0,1.0
4,11.0,desktop,11,10.0,146.0,151.0,1.0
5,157.0,desktop,11,161.0,6.0,3.0,6.0
6,163.0,mobile,11,164.0,3.0,4.0,3.0
7,166.0,mobile,11,168.0,4.0,4.0,4.0
8,170.0,mobile,11,172.0,4.0,1.0,4.0
9,174.0,mobile,11,173.0,1.0,1.0,1.0
