,time,event0,event1,event2,event3,event4,event5
0,0.0,desktop,14,0.0,4.0,1.0,4.0
1,4.0,desktop,14,1.0,1.0,3.0,1.0
2,5.0,desktop,14,4.0,3.0,3.0,3.0
3,8.0,mobile,14,7.0,3.0,3.0,3.0
4,11.0,mobile,14,10.0,3.0,1.0,3.0
5,14.0,mobile,14,11.0,1.0,1.0,1.0
6,15.0,mobile,14,12.0,54.0,56.0,1.0
7,69.0,mobile,14,68.0,3.0,2.0,3.0
8,72.0,mobile,14,70.0,2.0,2.0,2.0
9,74.0,mobile,14,72.0,2.0,4.0,2.0
10,76.0,mobile,14,76.0,4.0,2.0,4.0
11,80.0,mobile,14,78.0,2.0,3.0,2.0
12,82.0,mobile,14,81.0,3.0,3.0,3.0
