,time,event0,event1,event2,event3,event4,event5
0,0.0,desktop,11,0.0,2.0,1.0,2.0
1,2.0,desktop,11,1.0,1.0,3.0,1.0
2,3.0,desktop,11,4.0,3.0,4.0,3.0
3,6.0,desktop,11,8.0,142.0,140.0,4.0
4,148.0,desktop,11,148.0,2.0,1.0,2.0
5,150.0,desktop,11,149.0,1.0,1.0,1.0
6,151.0,desktop,11,150.0,1.0,1.0,1.0
7,152.0,desktop,11,151.0,3.0,4.0,1.0
8,155.0,desktop,11,155.0,2.0,2.0,2.0
9,157.0,desktop,11,157.0,2.0,3.0,2.0
