,time,event0,event1,event2,event3,event4,event5
0,0.0,desktop,13,0.0,2.0,1.0,2.0
1,2.0,desktop,13,1.0,1.0,4.0,1.0
2,3.0,desktop,13,5.0,4.0,2.0,4.0
3,7.0,desktop,13,7.0,181.0,182.0,2.0
4,188.0,desktop,13,189.0,3.0,1.0,3.0
5,191.0,desktop,13,190.0,1.0,1.0,1.0
6,192.0,desktop,13,191.0,1.0,1.0,1.0
7,193.0,desktop,13,192.0,1.0,1.0,1.0
8,194.0,desktop,13,193.0,1.0,2.0,1.0
9,195.0,desktop,13,195.0,2.0,1.0,2.0
10,197.0,desktop,13,196.0,1.0,1.0,1.0
11,198.0,desktop,13,197.0,1.0,1.0,1.0
