,time,event0,event1,event2,event3,event4,event5
0,0.0,desktop,11,0.0,1.0,3.0,1.0
1,1.0,desktop,11,3.0,3.0,3.0,3.0
2,4.0,desktop,11,6.0,3.0,3.0,3.0
3,7.0,desktop,11,9.0,3.0,1.0,3.0
4,10.0,desktop,11,10.0,1.0,2.0,1.0
5,11.0,desktop,11,12.0,137.0,136.0,2.0
6,148.0,desktop,11,148.0,1.0,4.0,1.0
7,149.0,desktop,11,152.0,4.0,2.0,4.0
8,153.0,mobile,11,154.0,2.0,6.0,2.0
9,155.0,desktop,11,160.0,6.0,1.0,6.0
