,time,event0,event1,event2,event3,event4,event5
0,0.0,desktop,11,0.0,2.0,2.0,2.0
1,2.0,desktop,11,2.0,2.0,1.0,2.0
2,4.0,tablet,11,3.0,1.0,1.0,1.0
3,5.0,mobile,11,4.0,194.0,196.0,1.0
4,199.0,desktop,11,200.0,3.0,1.0,3.0
5,202.0,desktop,11,201.0,4.0,5.0,1.0
6,206.0,desktop,11,206.0,2.0,3.0,2.0
7,208.0,desktop,11,209.0,3.0,2.0,3.0
8,211.0,desktop,11,211.0,2.0,3.0,2.0
9,213.0,desktop,11,214.0,3.0,2.0,3.0
