,time,event0,event1,event2,event3,event4,event5
0,0.0,mobile,11,0.0,1.0,3.0,1.0
1,1.0,mobile,11,3.0,3.0,1.0,3.0
2,4.0,mobile,11,4.0,1.0,2.0,1.0
3,5.0,mobile,11,6.0,110.0,109.0,2.0
4,115.0,desktop,11,115.0,1.0,1.0,1.0
5,116.0,desktop,11,116.0,1.0,1.0,1.0
6,117.0,desktop,11,117.0,1.0,4.0,1.0
7,118.0,desktop,11,121.0,4.0,3.0,4.0
8,122.0,desktop,11,124.0,3.0,2.0,3.0
9,125.0,desktop,11,126.0,2.0,2.0,2.0
