,time,event0,event1,event2,event3,event4,event5
0,0.0,desktop,14,0.0,3.0,2.0,3.0
1,3.0,desktop,14,2.0,2.0,3.0,2.0
2,5.0,desktop,14,5.0,3.0,2.0,3.0
3,8.0,desktop,14,7.0,2.0,3.0,2.0
4,10.0,desktop,14,10.0,3.0,1.0,3.0
5,13.0,desktop,14,11.0,1.0,4.0,1.0
6,14.0,desktop,14,15.0,4.0,4.0,4.0
7,18.0,desktop,14,19.0,4.0,2.0,4.0
8,22.0,desktop,14,21.0,2.0,5.0,2.0
9,24.0,desktop,14,26.0,5.0,1.0,5.0
10,29.0,desktop,14,27.0,1.0,4.0,1.0
11,30.0,desktop,14,31.0,4.0,2.0,4.0
12,34.0,mobile,14,33.0,2.0,2.0,2.0
