,time,event0,event1,event2,event3,event4,event5
0,0.0,mobile,12,0.0,2.0,3.0,2.0
1,2.0,desktop,12,3.0,3.0,1.0,3.0
2,5.0,desktop,12,4.0,1.0,1.0,1.0
3,6.0,desktop,12,5.0,1.0,2.0,1.0
4,7.0,desktop,12,7.0,254.0,253.0,2.0
5,261.0,desktop,12,260.0,1.0,4.0,1.0
6,262.0,desktop,12,264.0,4.0,4.0,4.0
7,266.0,desktop,12,268.0,4.0,2.0,4.0
8,270.0,desktop,12,270.0,2.0,2.0,2.0
9,272.0,desktop,12,272.0,2.0,3.0,2.0
10,274.0,desktop,12,275.0,3.0,3.0,3.0
