,time,event0,event1,event2,event3,event4,event5
0,0.0,mobile,13,0.0,2.0,1.0,2.0
1,2.0,mobile,13,1.0,1.0,2.0,1.0
2,3.0,mobile,13,3.0,2.0,3.0,2.0
3,5.0,mobile,13,6.0,119.0,117.0,3.0
4,124.0,mobile,13,123.0,1.0,1.0,1.0
5,125.0,tablet,13,124.0,1.0,1.0,1.0
6,126.0,tablet,13,125.0,1.0,2.0,1.0
7,127.0,tablet,13,127.0,2.0,1.0,2.0
8,129.0,tablet,13,128.0,178.0,178.0,1.0
9,307.0,tablet,13,306.0,1.0,2.0,1.0
10,308.0,mobile,13,308.0,2.0,1.0,2.0
11,310.0,mobile,13,309.0,1.0,1.0,1.0
