,time,event0,event1,event2,event3,event4,event5
0,0.0,desktop,13,0.0,3.0,3.0,3.0
1,3.0,desktop,13,3.0,3.0,3.0,3.0
2,6.0,tablet,13,6.0,3.0,4.0,3.0
3,9.0,mobile,13,10.0,95.0,94.0,4.0
4,104.0,desktop,13,104.0,3.0,3.0,3.0
5,107.0,desktop,13,107.0,3.0,3.0,3.0
6,110.0,desktop,13,110.0,3.0,4.0,3.0
7,113.0,desktop,13,114.0,42.0,41.0,4.0
8,155.0,mobile,13,155.0,3.0,2.0,3.0
9,158.0,mobile,13,157.0,2.0,2.0,2.0
10,160.0,desktop,13,159.0,2.0,1.0,2.0
11,162.0,mobile,13,160.0,1.0,1.0,1.0
