,time,event0,event1,event2,event3,event4,event5
0,0.0,desktop,11,0.0,2.0,3.0,2.0
1,2.0,desktop,11,3.0,3.0,1.0,3.0
2,5.0,desktop,11,4.0,1.0,2.0,1.0
3,6.0,desktop,11,6.0,68.0,67.0,2.0
4,74.0,desktop,11,73.0,1.0,3.0,1.0
5,75.0,desktop,11,76.0,3.0,4.0,3.0
6,78.0,desktop,11,80.0,4.0,5.0,4.0
7,82.0,desktop,11,85.0,5.0,5.0,5.0
8,87.0,desktop,11,90.0,5.0,4.0,5.0
9,92.0,desktop,11,94.0,4.0,3.0,4.0
