,time,event0,event1,event2,event3,event4,event5
0,0.0,desktop,11,0.0,1.0,2.0,1.0
1,1.0,desktop,11,2.0,2.0,3.0,2.0
2,3.0,desktop,11,5.0,3.0,3.0,3.0
3,6.0,desktop,11,8.0,3.0,3.0,3.0
4,9.0,desktop,11,11.0,3.0,1.0,3.0
5,12.0,desktop,11,12.0,129.0,130.0,1.0
6,141.0,desktop,11,142.0,2.0,2.0,2.0
7,143.0,desktop,11,144.0,2.0,2.0,2.0
8,145.0,desktop,11,146.0,2.0,5.0,2.0
9,147.0,desktop,11,151.0,5.0,2.0,5.0
