,time,event0,event1,event2,event3,event4,event5
0,0.0,mobile,11,0.0,5.0,2.0,5.0
1,5.0,mobile,11,2.0,2.0,2.0,2.0
2,7.0,mobile,11,4.0,2.0,1.0,2.0
3,9.0,mobile,11,5.0,1.0,2.0,1.0
4,10.0,mobile,11,7.0,20.0,23.0,2.0
5,30.0,mobile,11,30.0,5.0,3.0,5.0
6,35.0,mobile,11,33.0,3.0,5.0,3.0
7,38.0,mobile,11,38.0,5.0,4.0,5.0
8,43.0,mobile,11,42.0,4.0,1.0,4.0
9,47.0,mobile,11,43.0,1.0,5.0,1.0
