,time,event0,event1,event2,event3,event4,event5
0,0.0,desktop,13,0.0,3.0,1.0,3.0
1,3.0,mobile,13,1.0,1.0,1.0,1.0
2,4.0,desktop,13,2.0,1.0,2.0,1.0
3,5.0,desktop,13,4.0,2.0,3.0,2.0
4,7.0,desktop,13,7.0,92.0,93.0,3.0
5,99.0,desktop,13,100.0,4.0,2.0,4.0
6,103.0,desktop,13,102.0,2.0,2.0,2.0
7,105.0,desktop,13,104.0,2.0,2.0,2.0
8,107.0,desktop,13,106.0,2.0,2.0,2.0
9,109.0,desktop,13,108.0,2.0,2.0,2.0
10,111.0,desktop,13,110.0,2.0,2.0,2.0
11,113.0,desktop,13,112.0,2.0,1.0,2.0
