,time,event0,event1,event2,event3,event4,event5
0,0.0,mobile,12,0.0,4.0,2.0,4.0
1,4.0,desktop,12,2.0,2.0,2.0,2.0
2,6.0,desktop,12,4.0,2.0,2.0,2.0
3,8.0,desktop,12,6.0,2.0,3.0,2.0
4,10.0,desktop,12,9.0,3.0,1.0,3.0
5,13.0,desktop,12,10.0,1.0,3.0,1.0
6,14.0,desktop,12,13.0,5.0,3.0,3.0
7,19.0,mobile,12,16.0,1.0,1.0,1.0
8,20.0,desktop,12,17.0,1.0,1.0,1.0
9,21.0,mobile,12,18.0,1.0,1.0,1.0
10,22.0,mobile,12,19.0,1.0,1.0,1.0
