,time,event0,event1,event2,event3,event4,event5
0,0.0,mobile,12,0.0,1.0,3.0,1.0
1,1.0,mobile,12,3.0,3.0,2.0,3.0
2,4.0,mobile,12,5.0,2.0,3.0,2.0
3,6.0,mobile,12,8.0,4.0,2.0,3.0
4,10.0,mobile,12,10.0,1.0,3.0,1.0
5,11.0,mobile,12,13.0,22.0,21.0,3.0
6,33.0,mobile,12,34.0,2.0,4.0,2.0
7,35.0,desktop,12,38.0,4.0,1.0,4.0
8,39.0,mobile,12,39.0,1.0,3.0,1.0
9,40.0,mobile,12,42.0,3.0,3.0,3.0
10,43.0,mobile,12,45.0,3.0,3.0,3.0
