,time,event0,event1,event2,event3,event4,event5
0,0.0,tablet,14,0.0,1.0,1.0,1.0
1,1.0,tablet,14,1.0,1.0,2.0,1.0
2,2.0,tablet,14,3.0,2.0,4.0,2.0
3,4.0,tablet,14,7.0,4.0,3.0,4.0
4,8.0,tablet,14,10.0,3.0,2.0,3.0
5,11.0,tablet,14,12.0,43.0,42.0,2.0
6,54.0,desktop,14,54.0,1.0,2.0,1.0
7,55.0,desktop,14,56.0,2.0,1.0,2.0
8,57.0,desktop,14,57.0,1.0,1.0,1.0
9,58.0,desktop,14,58.0,1.0,3.0,1.0
10,59.0,desktop,14,61.0,3.0,1.0,3.0
11,62.0,desktop,14,62.0,1.0,1.0,1.0
12,63.0,desktop,14,63.0,1.0,1.0,1.0
