,time,event0,event1,event2,event3,event4,event5
0,0.0,desktop,13,0.0,2.0,2.0,2.0
1,2.0,desktop,13,2.0,2.0,2.0,2.0
2,4.0,desktop,13,4.0,2.0,1.0,2.0
3,6.0,desktop,13,5.0,39.0,41.0,1.0
4,45.0,desktop,13,46.0,3.0,4.0,3.0
5,48.0,desktop,13,50.0,4.0,1.0,4.0
6,52.0,desktop,13,51.0,1.0,3.0,1.0
7,53.0,desktop,13,54.0,212.0,213.0,3.0
8,265.0,desktop,13,267.0,4.0,5.0,4.0
9,269.0,desktop,13,272.0,5.0,7.0,5.0
10,274.0,desktop,13,279.0,7.0,1.0,7.0
11,281.0,desktop,13,280.0,1.0,7.0,1.0
