,time,event0,event1,event2,event3,event4,event5
0,0.0,desktop,12,0.0,3.0,2.0,3.0
1,3.0,desktop,12,2.0,2.0,2.0,2.0
2,5.0,desktop,12,4.0,2.0,3.0,2.0
3,7.0,desktop,12,7.0,3.0,4.0,3.0
4,10.0,desktop,12,11.0,4.0,3.0,4.0
5,14.0,desktop,12,14.0,3.0,2.0,3.0
6,17.0,desktop,12,16.0,58.0,57.0,2.0
7,75.0,desktop,12,73.0,1.0,2.0,1.0
8,76.0,desktop,12,75.0,2.0,4.0,2.0
9,78.0,desktop,12,79.0,4.0,3.0,4.0
10,82.0,desktop,12,82.0,3.0,2.0,3.0
