,time,event0,event1,event2,event3,event4,event5
0,0.0,mobile,13,0.0,1.0,3.0,1.0
1,1.0,desktop,13,3.0,3.0,4.0,3.0
2,4.0,desktop,13,7.0,4.0,2.0,4.0
3,8.0,mobile,13,9.0,203.0,202.0,2.0
4,211.0,mobile,13,211.0,1.0,1.0,1.0
5,212.0,tablet,13,212.0,1.0,1.0,1.0
6,213.0,tablet,13,213.0,1.0,1.0,1.0
7,214.0,mobile,13,214.0,1.0,1.0,1.0
8,215.0,mobile,13,215.0,67.0,67.0,1.0
9,282.0,desktop,13,282.0,1.0,1.0,1.0
10,283.0,mobile,13,283.0,1.0,1.0,1.0
11,284.0,tablet,13,284.0,1.0,1.0,1.0
