,time,event0,event1,event2,event3,event4,event5
0,0.0,desktop,11,0.0,3.0,2.0,3.0
1,3.0,desktop,11,2.0,2.0,2.0,2.0
2,5.0,desktop,11,4.0,2.0,2.0,2.0
3,7.0,desktop,11,6.0,2.0,1.0,2.0
4,9.0,mobile,11,7.0,22.0,22.0,1.0
5,31.0,desktop,11,29.0,1.0,6.0,1.0
6,32.0,desktop,11,35.0,6.0,10.0,6.0
7,38.0,desktop,11,45.0,10.0,4.0,10.0
8,48.0,desktop,11,49.0,4.0,3.0,4.0
9,52.0,desktop,11,52.0,3.0,1.0,3.0
