,time,event0,event1,event2,event3,event4,event5
0,0.0,desktop,13,0.0,1.0,3.0,1.0
1,1.0,desktop,13,3.0,3.0,3.0,3.0
2,4.0,desktop,13,6.0,3.0,3.0,3.0
3,7.0,desktop,13,9.0,3.0,1.0,3.0
4,10.0,desktop,13,10.0,88.0,89.0,1.0
5,98.0,desktop,13,99.0,2.0,3.0,2.0
6,100.0,desktop,13,102.0,3.0,4.0,3.0
7,103.0,mobile,13,106.0,4.0,1.0,4.0
8,107.0,mobile,13,107.0,15.0,15.0,1.0
9,122.0,mobile,13,122.0,1.0,1.0,1.0
10,123.0,mobile,13,123.0,1.0,4.0,1.0
11,124.0,mobile,13,127.0,4.0,1.0,4.0
