,time,event0,event1,event2,event3,event4,event5
0,0.0,mobile,11,0.0,1.0,1.0,1.0
1,1.0,tablet,11,1.0,1.0,1.0,1.0
2,2.0,tablet,11,2.0,1.0,1.0,1.0
3,3.0,tablet,11,3.0,1.0,1.0,1.0
4,4.0,mobile,11,4.0,51.0,53.0,1.0
5,55.0,tablet,11,57.0,3.0,4.0,3.0
6,58.0,tablet,11,61.0,4.0,2.0,4.0
7,62.0,mobile,11,63.0,2.0,2.0,2.0
8,64.0,mobile,11,65.0,2.0,2.0,2.0
9,66.0,tablet,11,67.0,2.0,3.0,2.0
