,time,event0,event1,event2,event3,event4,event5
0,0.0,desktop,11,0.0,3.0,2.0,3.0
1,3.0,mobile,11,2.0,2.0,1.0,2.0
2,5.0,tablet,11,3.0,1.0,1.0,1.0
3,6.0,desktop,11,4.0,1.0,1.0,1.0
4,7.0,mobile,11,5.0,1.0,1.0,1.0
5,8.0,desktop,11,6.0,102.0,105.0,1.0
6,110.0,desktop,11,111.0,4.0,2.0,4.0
7,114.0,mobile,11,113.0,2.0,1.0,2.0
8,116.0,desktop,11,114.0,1.0,2.0,1.0
9,117.0,desktop,11,116.0,2.0,1.0,2.0
