,time,event0,event1,event2,event3,event4,event5
0,0.0,desktop,13,0.0,1.0,1.0,1.0
1,1.0,desktop,13,1.0,1.0,3.0,1.0
2,2.0,desktop,13,4.0,3.0,1.0,3.0
3,5.0,desktop,13,5.0,156.0,160.0,1.0
4,161.0,desktop,13,165.0,5.0,2.0,5.0
5,166.0,desktop,13,167.0,2.0,2.0,2.0
6,168.0,desktop,13,169.0,2.0,2.0,2.0
7,170.0,desktop,13,171.0,52.0,53.0,2.0
8,222.0,desktop,13,224.0,3.0,1.0,3.0
9,225.0,desktop,13,225.0,1.0,1.0,1.0
10,226.0,desktop,13,226.0,1.0,2.0,1.0
11,227.0,desktop,13,228.0,2.0,1.0,2.0
