,time,event0,event1,event2,event3,event4,event5
0,0.0,desktop,11,0.0,1.0,2.0,1.0
1,1.0,desktop,11,2.0,2.0,2.0,2.0
2,3.0,desktop,11,4.0,2.0,2.0,2.0
3,5.0,desktop,11,6.0,38.0,37.0,2.0
4,43.0,desktop,11,43.0,1.0,1.0,1.0
5,44.0,desktop,11,44.0,1.0,1.0,1.0
6,45.0,desktop,11,45.0,1.0,6.0,1.0
7,46.0,desktop,11,51.0,6.0,3.0,6.0
8,52.0,desktop,11,54.0,3.0,1.0,3.0
9,55.0,desktop,11,55.0,1.0,1.0,1.0
