,time,event0,event1,event2,event3,event4,event5
0,0.0,desktop,13,0.0,3.0,3.0,3.0
1,3.0,desktop,13,3.0,3.0,5.0,3.0
2,6.0,desktop,13,8.0,5.0,4.0,5.0
3,11.0,desktop,13,12.0,25.0,28.0,4.0
4,36.0,desktop,13,40.0,7.0,1.0,7.0
5,43.0,desktop,13,41.0,1.0,6.0,1.0
6,44.0,desktop,13,47.0,6.0,1.0,6.0
7,50.0,desktop,13,48.0,69.0,69.0,1.0
8,119.0,desktop,13,117.0,1.0,1.0,1.0
9,120.0,desktop,13,118.0,1.0,1.0,1.0
10,121.0,desktop,13,119.0,1.0,1.0,1.0
11,122.0,desktop,13,120.0,1.0,1.0,1.0
