,time,event0,event1,event2,event3,event4,event5
0,0.0,mobile,14,0.0,2.0,2.0,2.0
1,2.0,mobile,14,2.0,2.0,2.0,2.0
2,4.0,desktop,14,4.0,2.0,3.0,2.0
3,6.0,desktop,14,7.0,3.0,1.0,3.0
4,9.0,mobile,14,8.0,80.0,80.0,1.0
5,89.0,mobile,14,88.0,1.0,2.0,1.0
6,90.0,mobile,14,90.0,2.0,1.0,2.0
7,92.0,mobile,14,91.0,1.0,1.0,1.0
8,93.0,mobile,14,92.0,1.0,1.0,1.0
9,94.0,mobile,14,93.0,30.0,32.0,1.0
10,124.0,desktop,14,125.0,3.0,1.0,3.0
11,127.0,desktop,14,126.0,1.0,1.0,1.0
12,128.0,desktop,14,127.0,1.0,1.0,1.0
