,time,event0,event1,event2,event3,event4,event5
0,0.0,desktop,11,0.0,1.0,1.0,1.0
1,1.0,desktop,11,1.0,1.0,1.0,1.0
2,2.0,desktop,11,2.0,1.0,2.0,1.0
3,3.0,desktop,11,4.0,4.0,5.0,2.0
4,7.0,mobile,11,9.0,3.0,4.0,3.0
5,10.0,mobile,11,13.0,4.0,5.0,4.0
6,14.0,desktop,11,18.0,5.0,2.0,5.0
7,19.0,desktop,11,20.0,2.0,1.0,2.0
8,21.0,desktop,11,21.0,1.0,4.0,1.0
9,22.0,desktop,11,25.0,4.0,1.0,4.0
