,time,event0,event1,event2,event3,event4,event5
0,0.0,desktop,11,0.0,2.0,2.0,2.0
1,2.0,desktop,11,2.0,2.0,1.0,2.0
2,4.0,desktop,11,3.0,1.0,2.0,1.0
3,5.0,desktop,11,5.0,2.0,3.0,2.0
4,7.0,desktop,11,8.0,348.0,347.0,3.0
5,355.0,desktop,11,355.0,2.0,3.0,2.0
6,357.0,desktop,11,358.0,3.0,4.0,3.0
7,360.0,desktop,11,362.0,4.0,2.0,4.0
8,364.0,desktop,11,364.0,2.0,2.0,2.0
9,366.0,desktop,11,366.0,2.0,2.0,2.0
