,time,event0,event1,event2,event3,event4,event5
0,0.0,desktop,12,0.0,2.0,2.0,2.0
1,2.0,desktop,12,2.0,2.0,1.0,2.0
2,4.0,mobile,12,3.0,1.0,2.0,1.0
3,5.0,desktop,12,5.0,2.0,4.0,2.0
4,7.0,desktop,12,9.0,4.0,2.0,4.0
5,11.0,desktop,12,11.0,6.0,6.0,2.0
6,17.0,mobile,12,17.0,2.0,2.0,2.0
7,19.0,mobile,12,19.0,12.0,11.0,2.0
8,31.0,desktop,12,30.0,1.0,1.0,1.0
9,32.0,desktop,12,31.0,1.0,1.0,1.0
10,33.0,desktop,12,32.0,1.0,1.0,1.0
