,time,event0,event1,event2,event3,event4,event5
0,0.0,desktop,11,0.0,2.0,1.0,2.0
1,2.0,desktop,11,1.0,1.0,4.0,1.0
2,3.0,desktop,11,5.0,4.0,2.0,4.0
3,7.0,desktop,11,7.0,2.0,1.0,2.0
4,9.0,desktop,11,8.0,117.0,117.0,1.0
5,126.0,desktop,11,125.0,1.0,7.0,1.0
6,127.0,desktop,11,132.0,7.0,1.0,7.0
7,134.0,desktop,11,133.0,1.0,1.0,1.0
8,135.0,desktop,11,134.0,1.0,1.0,1.0
9,136.0,desktop,11,135.0,1.0,1.0,1.0
