,time,event0,event1,event2,event3,event4,event5
0,0.0,desktop,13,0.0,1.0,1.0,1.0
1,1.0,mobile,13,1.0,1.0,4.0,1.0
2,2.0,mobile,13,5.0,4.0,3.0,4.0
3,6.0,desktop,13,8.0,3.0,5.0,3.0
4,9.0,desktop,13,13.0,5.0,1.0,5.0
5,14.0,desktop,13,14.0,1.0,2.0,1.0
6,15.0,mobile,13,16.0,2.0,1.0,2.0
7,17.0,mobile,13,17.0,1.0,4.0,1.0
8,18.0,desktop,13,21.0,6.0,3.0,4.0
9,24.0,desktop,13,24.0,1.0,4.0,1.0
10,25.0,mobile,13,28.0,4.0,5.0,4.0
11,29.0,desktop,13,33.0,5.0,3.0,5.0
