,time,event0,event1,event2,event3,event4,event5
0,0.0,desktop,11,0.0,2.0,2.0,2.0
1,2.0,desktop,11,2.0,2.0,4.0,2.0
2,4.0,desktop,11,6.0,4.0,3.0,4.0
3,8.0,desktop,11,9.0,135.0,133.0,3.0
4,143.0,mobile,11,142.0,1.0,2.0,1.0
5,144.0,desktop,11,144.0,2.0,1.0,2.0
6,146.0,desktop,11,145.0,1.0,1.0,1.0
7,147.0,desktop,11,146.0,1.0,2.0,1.0
8,148.0,desktop,11,148.0,2.0,1.0,2.0
9,150.0,desktop,11,149.0,1.0,2.0,1.0
