,time,event0,event1,event2,event3,event4,event5
0,0.0,desktop,12,0.0,3.0,1.0,3.0
1,3.0,desktop,12,1.0,1.0,2.0,1.0
2,4.0,desktop,12,3.0,2.0,1.0,2.0
3,6.0,desktop,12,4.0,62.0,62.0,1.0
4,68.0,desktop,12,66.0,1.0,1.0,1.0
5,69.0,desktop,12,67.0,1.0,1.0,1.0
6,70.0,desktop,12,68.0,1.0,3.0,1.0
7,71.0,desktop,12,71.0,56.0,55.0,3.0
8,127.0,mobile,12,126.0,2.0,3.0,2.0
9,129.0,mobile,12,129.0,3.0,1.0,3.0
10,132.0,mobile,12,130.0,1.0,1.0,1.0
