,time,event0,event1,event2,event3,event4,event5
0,0.0,desktop,12,0.0,3.0,1.0,3.0
1,3.0,desktop,12,1.0,1.0,1.0,1.0
2,4.0,desktop,12,2.0,1.0,1.0,1.0
3,5.0,desktop,12,3.0,7.0,9.0,1.0
4,12.0,desktop,12,12.0,3.0,2.0,3.0
5,15.0,desktop,12,14.0,2.0,1.0,2.0
6,17.0,desktop,12,15.0,1.0,2.0,1.0
7,18.0,desktop,12,17.0,2.0,4.0,2.0
8,20.0,desktop,12,21.0,4.0,2.0,4.0
9,24.0,desktop,12,23.0,2.0,2.0,2.0
10,26.0,desktop,12,25.0,2.0,3.0,2.0
