,time,event0,event1,event2,event3,event4,event5
0,0.0,desktop,12,0.0,1.0,5.0,1.0
1,1.0,desktop,12,5.0,5.0,1.0,5.0
2,6.0,desktop,12,6.0,1.0,5.0,1.0
3,7.0,desktop,12,11.0,88.0,85.0,5.0
4,95.0,tablet,12,96.0,2.0,2.0,2.0
5,97.0,desktop,12,98.0,2.0,1.0,2.0
6,99.0,tablet,12,99.0,1.0,3.0,1.0
7,100.0,tablet,12,102.0,131.0,129.0,3.0
8,231.0,desktop,12,231.0,1.0,1.0,1.0
9,232.0,desktop,12,232.0,1.0,4.0,1.0
10,233.0,tablet,12,236.0,6.0,3.0,4.0
