,time,event0,event1,event2,event3,event4,event5
0,0.0,desktop,13,0.0,4.0,2.0,4.0
1,4.0,mobile,13,2.0,2.0,5.0,2.0
2,6.0,mobile,13,7.0,5.0,1.0,5.0
3,11.0,mobile,13,8.0,1.0,2.0,1.0
4,12.0,mobile,13,10.0,2.0,2.0,2.0
5,14.0,mobile,13,12.0,2.0,4.0,2.0
6,16.0,mobile,13,16.0,4.0,2.0,4.0
7,20.0,mobile,13,18.0,219.0,223.0,2.0
8,239.0,tablet,13,241.0,6.0,4.0,6.0
9,245.0,tablet,13,245.0,4.0,2.0,4.0
10,249.0,tablet,13,247.0,2.0,7.0,2.0
11,251.0,tablet,13,254.0,7.0,6.0,7.0
