,time,event0,event1,event2,event3,event4,event5
0,0.0,desktop,11,0.0,2.0,4.0,2.0
1,2.0,desktop,11,4.0,4.0,3.0,4.0
2,6.0,mobile,11,7.0,3.0,5.0,3.0
3,9.0,desktop,11,12.0,6.0,3.0,5.0
4,15.0,mobile,11,15.0,2.0,1.0,2.0
5,17.0,mobile,11,16.0,1.0,1.0,1.0
6,18.0,mobile,11,17.0,1.0,1.0,1.0
7,19.0,mobile,11,18.0,1.0,1.0,1.0
8,20.0,mobile,11,19.0,1.0,4.0,1.0
9,21.0,desktop,11,23.0,4.0,2.0,4.0
