,time,event0,event1,event2,event3,event4,event5
0,0.0,mobile,14,0.0,1.0,1.0,1.0
1,1.0,mobile,14,1.0,1.0,2.0,1.0
2,2.0,mobile,14,3.0,2.0,6.0,2.0
3,4.0,mobile,14,9.0,84.0,80.0,6.0
4,88.0,mobile,14,89.0,2.0,3.0,2.0
5,90.0,mobile,14,92.0,3.0,2.0,3.0
6,93.0,mobile,14,94.0,2.0,2.0,2.0
7,95.0,mobile,14,96.0,29.0,29.0,2.0
8,124.0,mobile,14,125.0,2.0,4.0,2.0
9,126.0,mobile,14,129.0,4.0,3.0,4.0
10,130.0,mobile,14,132.0,3.0,2.0,3.0
11,133.0,mobile,14,134.0,2.0,2.0,2.0
12,135.0,mobile,14,136.0,2.0,1.0,2.0
