,time,event0,event1,event2,event3,event4,event5
0,0.0,desktop,11,0.0,3.0,3.0,3.0
1,3.0,desktop,11,3.0,3.0,3.0,3.0
2,6.0,desktop,11,6.0,3.0,4.0,3.0
3,9.0,desktop,11,10.0,4.0,1.0,4.0
4,13.0,desktop,11,11.0,49.0,50.0,1.0
5,62.0,desktop,11,61.0,2.0,2.0,2.0
6,64.0,desktop,11,63.0,2.0,2.0,2.0
7,66.0,tablet,11,65.0,2.0,2.0,2.0
8,68.0,desktop,11,67.0,2.0,2.0,2.0
9,70.0,tablet,11,69.0,2.0,2.0,2.0
