,time,event0,event1,event2,event3,event4,event5
0,0.0,desktop,12,0.0,1.0,2.0,1.0
1,1.0,desktop,12,2.0,2.0,1.0,2.0
2,3.0,desktop,12,3.0,1.0,2.0,1.0
3,4.0,desktop,12,5.0,100.0,99.0,2.0
4,104.0,desktop,12,104.0,1.0,1.0,1.0
5,105.0,desktop,12,105.0,1.0,1.0,1.0
6,106.0,desktop,12,106.0,1.0,4.0,1.0
7,107.0,desktop,12,110.0,4.0,2.0,4.0
8,111.0,desktop,12,112.0,2.0,3.0,2.0
9,113.0,desktop,12,115.0,3.0,1.0,3.0
10,116.0,desktop,12,116.0,1.0,1.0,1.0
