,time,event0,event1,event2,event3,event4,event5
0,0.0,tablet,14,0.0,1.0,5.0,1.0
1,1.0,tablet,14,5.0,5.0,2.0,5.0
2,6.0,tablet,14,7.0,2.0,4.0,2.0
3,8.0,tablet,14,11.0,4.0,1.0,4.0
4,12.0,tablet,14,12.0,1.0,2.0,1.0
5,13.0,tablet,14,14.0,2.0,1.0,2.0
6,15.0,tablet,14,15.0,8.0,9.0,1.0
7,23.0,mobile,14,24.0,2.0,2.0,2.0
8,25.0,mobile,14,26.0,2.0,2.0,2.0
9,27.0,mobile,14,28.0,2.0,1.0,2.0
10,29.0,mobile,14,29.0,1.0,1.0,1.0
11,30.0,mobile,14,30.0,1.0,2.0,1.0
12,31.0,mobile,14,32.0,2.0,1.0,2.0
