,time,event0,event1,event2,event3,event4,event5
0,0.0,desktop,13,0.0,1.0,7.0,1.0
1,1.0,desktop,13,7.0,7.0,3.0,7.0
2,8.0,desktop,13,10.0,3.0,3.0,3.0
3,11.0,desktop,13,13.0,3.0,2.0,3.0
4,14.0,desktop,13,15.0,2.0,2.0,2.0
5,16.0,desktop,13,17.0,140.0,140.0,2.0
6,156.0,desktop,13,157.0,2.0,2.0,2.0
7,158.0,desktop,13,159.0,2.0,2.0,2.0
8,160.0,desktop,13,161.0,2.0,2.0,2.0
9,162.0,desktop,13,163.0,2.0,2.0,2.0
10,164.0,desktop,13,165.0,2.0,1.0,2.0
11,166.0,desktop,13,166.0,1.0,1.0,1.0
