,time,event0,event1,event2,event3,event4,event5
0,0.0,desktop,12,0.0,1.0,1.0,1.0
1,1.0,desktop,12,1.0,1.0,1.0,1.0
2,2.0,desktop,12,2.0,1.0,1.0,1.0
3,3.0,desktop,12,3.0,81.0,81.0,1.0
4,84.0,desktop,12,84.0,1.0,1.0,1.0
5,85.0,desktop,12,85.0,1.0,1.0,1.0
6,86.0,desktop,12,86.0,1.0,1.0,1.0
7,87.0,mobile,12,87.0,170.0,170.0,1.0
8,257.0,desktop,12,257.0,1.0,2.0,1.0
9,258.0,desktop,12,259.0,2.0,3.0,2.0
10,260.0,desktop,12,262.0,3.0,1.0,3.0
