,time,event0,event1,event2,event3,event4,event5
0,0.0,desktop,12,0.0,1.0,2.0,1.0
1,1.0,desktop,12,2.0,2.0,1.0,2.0
2,3.0,desktop,12,3.0,1.0,3.0,1.0
3,4.0,desktop,12,6.0,3.0,2.0,3.0
4,7.0,desktop,12,8.0,2.0,3.0,2.0
5,9.0,desktop,12,11.0,3.0,1.0,3.0
6,12.0,desktop,12,12.0,1.0,2.0,1.0
7,13.0,desktop,12,14.0,210.0,211.0,2.0
8,223.0,desktop,12,225.0,3.0,13.0,3.0
9,226.0,desktop,12,238.0,13.0,9.0,13.0
10,239.0,desktop,12,247.0,9.0,3.0,9.0
