,time,event0,event1,event2,event3,event4,event5
0,0.0,mobile,11,0.0,1.0,1.0,1.0
1,1.0,mobile,11,1.0,1.0,1.0,1.0
2,2.0,mobile,11,2.0,1.0,2.0,1.0
3,3.0,mobile,11,4.0,2.0,1.0,2.0
4,5.0,mobile,11,5.0,1.0,5.0,1.0
5,6.0,mobile,11,10.0,51.0,48.0,5.0
6,57.0,desktop,11,58.0,7.0,7.0,2.0
7,64.0,desktop,11,65.0,7.0,7.0,2.0
8,71.0,desktop,11,72.0,2.0,3.0,2.0
9,73.0,desktop,11,75.0,3.0,1.0,3.0
