,time,event0,event1,event2,event3,event4,event5
0,0.0,tablet,12,0.0,5.0,1.0,5.0
1,5.0,tablet,12,1.0,1.0,2.0,1.0
2,6.0,tablet,12,3.0,2.0,1.0,2.0
3,8.0,tablet,12,4.0,1.0,2.0,1.0
4,9.0,tablet,12,6.0,2.0,1.0,2.0
5,11.0,tablet,12,7.0,1.0,2.0,1.0
6,12.0,desktop,12,9.0,154.0,156.0,2.0
7,166.0,desktop,12,165.0,4.0,3.0,4.0
8,170.0,desktop,12,168.0,3.0,3.0,3.0
9,173.0,desktop,12,171.0,3.0,2.0,3.0
10,176.0,mobile,12,173.0,2.0,1.0,2.0
