,time,event0,event1,event2,event3,event4,event5
0,0.0,desktop,12,0.0,3.0,4.0,3.0
1,3.0,desktop,12,4.0,9.0,7.0,4.0
2,12.0,desktop,12,11.0,2.0,4.0,2.0
3,14.0,desktop,12,15.0,4.0,1.0,4.0
4,18.0,desktop,12,16.0,1.0,2.0,1.0
5,19.0,desktop,12,18.0,2.0,4.0,2.0
6,21.0,desktop,12,22.0,116.0,113.0,4.0
7,137.0,desktop,12,135.0,1.0,2.0,1.0
8,138.0,desktop,12,137.0,2.0,1.0,2.0
9,140.0,desktop,12,138.0,1.0,2.0,1.0
10,141.0,desktop,12,140.0,2.0,3.0,2.0
