,time,event0,event1,event2,event3,event4,event5
0,0.0,desktop,11,0.0,1.0,1.0,1.0
1,1.0,desktop,11,1.0,1.0,1.0,1.0
2,2.0,desktop,11,2.0,1.0,2.0,1.0
3,3.0,desktop,11,4.0,2.0,2.0,2.0
4,5.0,desktop,11,6.0,102.0,101.0,2.0
5,107.0,desktop,11,107.0,1.0,3.0,1.0
6,108.0,desktop,11,110.0,3.0,3.0,3.0
7,111.0,desktop,11,113.0,3.0,5.0,3.0
8,114.0,desktop,11,118.0,5.0,1.0,5.0
9,119.0,mobile,11,119.0,1.0,3.0,1.0
