,time,event0,event1,event2,event3,event4,event5
0,0.0,mobile,11,0.0,1.0,3.0,1.0
1,1.0,mobile,11,3.0,3.0,1.0,3.0
2,4.0,tablet,11,4.0,1.0,2.0,1.0
3,5.0,tablet,11,6.0,2.0,2.0,2.0
4,7.0,tablet,11,8.0,2.0,2.0,2.0
5,9.0,tablet,11,10.0,271.0,271.0,2.0
6,280.0,tablet,11,281.0,2.0,3.0,2.0
7,282.0,tablet,11,284.0,3.0,3.0,3.0
8,285.0,tablet,11,287.0,3.0,5.0,3.0
9,288.0,tablet,11,292.0,5.0,7.0,5.0
