,time,event0,event1,event2,event3,event4,event5
0,0.0,desktop,12,0.0,1.0,1.0,1.0
1,1.0,desktop,12,1.0,1.0,1.0,1.0
2,2.0,desktop,12,2.0,1.0,4.0,1.0
3,3.0,desktop,12,6.0,84.0,81.0,4.0
4,87.0,desktop,12,87.0,1.0,1.0,1.0
5,88.0,desktop,12,88.0,1.0,2.0,1.0
6,89.0,desktop,12,90.0,2.0,1.0,2.0
7,91.0,desktop,12,91.0,1.0,8.0,1.0
8,92.0,desktop,12,99.0,8.0,1.0,8.0
9,100.0,desktop,12,100.0,1.0,1.0,1.0
10,101.0,desktop,12,101.0,1.0,1.0,1.0
