,time,event0,event1,event2,event3,event4,event5
0,0.0,desktop,12,0.0,3.0,1.0,3.0
1,3.0,mobile,12,1.0,1.0,4.0,1.0
2,4.0,desktop,12,5.0,4.0,2.0,4.0
3,8.0,desktop,12,7.0,2.0,1.0,2.0
4,10.0,mobile,12,8.0,1.0,3.0,1.0
5,11.0,mobile,12,11.0,3.0,3.0,3.0
6,14.0,mobile,12,14.0,140.0,138.0,3.0
7,154.0,desktop,12,152.0,1.0,4.0,1.0
8,155.0,desktop,12,156.0,4.0,1.0,4.0
9,159.0,desktop,12,157.0,1.0,1.0,1.0
10,160.0,desktop,12,158.0,1.0,5.0,1.0
