,time,event0,event1,event2,event3,event4,event5
0,0.0,desktop,13,0.0,1.0,1.0,1.0
1,1.0,desktop,13,1.0,1.0,1.0,1.0
2,2.0,desktop,13,2.0,1.0,1.0,1.0
3,3.0,desktop,13,3.0,1.0,4.0,1.0
4,4.0,desktop,13,7.0,23.0,22.0,4.0
5,27.0,mobile,13,29.0,3.0,3.0,3.0
6,30.0,mobile,13,32.0,3.0,1.0,3.0
7,33.0,mobile,13,33.0,1.0,1.0,1.0
8,34.0,mobile,13,34.0,77.0,79.0,1.0
9,111.0,mobile,13,113.0,3.0,4.0,3.0
10,114.0,mobile,13,117.0,4.0,2.0,4.0
11,118.0,mobile,13,119.0,2.0,3.0,2.0
