,time,event0,event1,event2,event3,event4,event5
0,0.0,mobile,12,0.0,1.0,1.0,1.0
1,1.0,mobile,12,1.0,1.0,1.0,1.0
2,2.0,mobile,12,2.0,1.0,1.0,1.0
3,3.0,mobile,12,3.0,81.0,82.0,1.0
4,84.0,mobile,12,85.0,2.0,3.0,2.0
5,86.0,mobile,12,88.0,3.0,1.0,3.0
6,89.0,mobile,12,89.0,1.0,1.0,1.0
7,90.0,mobile,12,90.0,4.0,4.0,1.0
8,94.0,mobile,12,94.0,1.0,1.0,1.0
9,95.0,mobile,12,95.0,1.0,1.0,1.0
10,96.0,mobile,12,96.0,1.0,3.0,1.0
