,time,event0,event1,event2,event3,event4,event5
0,0.0,desktop,12,0.0,1.0,1.0,1.0
1,1.0,desktop,12,1.0,1.0,1.0,1.0
2,2.0,desktop,12,2.0,1.0,3.0,1.0
3,3.0,desktop,12,5.0,3.0,4.0,3.0
4,6.0,desktop,12,9.0,12.0,9.0,4.0
5,18.0,desktop,12,18.0,1.0,2.0,1.0
6,19.0,desktop,12,20.0,2.0,1.0,2.0
7,21.0,desktop,12,21.0,1.0,1.0,1.0
8,22.0,desktop,12,22.0,1.0,1.0,1.0
9,23.0,desktop,12,23.0,1.0,3.0,1.0
10,24.0,desktop,12,26.0,3.0,4.0,3.0
