,time,event0,event1,event2,event3,event4,event5
0,0.0,desktop,12,0.0,3.0,2.0,3.0
1,3.0,desktop,12,2.0,2.0,4.0,2.0
2,5.0,desktop,12,6.0,4.0,3.0,4.0
3,9.0,desktop,12,9.0,3.0,1.0,3.0
4,12.0,desktop,12,10.0,1.0,2.0,1.0
5,13.0,desktop,12,12.0,2.0,2.0,2.0
6,15.0,desktop,12,14.0,37.0,36.0,2.0
7,52.0,desktop,12,50.0,2.0,2.0,1.0
8,54.0,desktop,12,52.0,1.0,1.0,1.0
9,55.0,desktop,12,53.0,1.0,1.0,1.0
10,56.0,desktop,12,54.0,1.0,1.0,1.0
