,time,event0,event1,event2,event3,event4,event5
0,0.0,desktop,13,0.0,1.0,3.0,1.0
1,1.0,desktop,13,3.0,3.0,1.0,3.0
2,4.0,desktop,13,4.0,1.0,1.0,1.0
3,5.0,desktop,13,5.0,1.0,2.0,1.0
4,6.0,desktop,13,7.0,71.0,71.0,2.0
5,77.0,desktop,13,78.0,2.0,1.0,2.0
6,79.0,desktop,13,79.0,1.0,1.0,1.0
7,80.0,desktop,13,80.0,1.0,3.0,1.0
8,81.0,desktop,13,83.0,95.0,93.0,3.0
9,176.0,desktop,13,176.0,1.0,1.0,1.0
10,177.0,desktop,13,177.0,1.0,2.0,1.0
11,178.0,desktop,13,179.0,2.0,1.0,2.0
