,time,event0,event1,event2,event3,event4,event5
0,0.0,desktop,13,0.0,2.0,4.0,2.0
1,2.0,mobile,13,4.0,4.0,4.0,4.0
2,6.0,desktop,13,8.0,8.0,5.0,4.0
3,14.0,mobile,13,13.0,2.0,4.0,1.0
4,16.0,mobile,13,17.0,6.0,4.0,3.0
5,22.0,mobile,13,21.0,1.0,3.0,1.0
6,23.0,mobile,13,24.0,3.0,3.0,3.0
7,26.0,mobile,13,27.0,3.0,1.0,3.0
8,29.0,mobile,13,28.0,87.0,87.0,1.0
9,116.0,mobile,13,115.0,1.0,5.0,1.0
10,117.0,mobile,13,120.0,5.0,5.0,5.0
11,122.0,mobile,13,125.0,5.0,1.0,5.0
