,time,event0,event1,event2,event3,event4,event5
0,0.0,desktop,12,0.0,2.0,1.0,2.0
1,2.0,mobile,12,1.0,1.0,1.0,1.0
2,3.0,mobile,12,2.0,1.0,1.0,1.0
3,4.0,mobile,12,3.0,148.0,151.0,1.0
4,152.0,mobile,12,154.0,4.0,5.0,4.0
5,156.0,mobile,12,159.0,5.0,3.0,5.0
6,161.0,mobile,12,162.0,3.0,3.0,3.0
7,164.0,mobile,12,165.0,3.0,6.0,3.0
8,167.0,mobile,12,171.0,6.0,1.0,6.0
9,173.0,mobile,12,172.0,1.0,5.0,1.0
10,174.0,desktop,12,177.0,5.0,5.0,5.0
