,time,event0,event1,event2,event3,event4,event5
0,0.0,desktop,12,0.0,4.0,2.0,4.0
1,4.0,mobile,12,2.0,2.0,6.0,2.0
2,6.0,desktop,12,8.0,6.0,6.0,6.0
3,12.0,mobile,12,14.0,6.0,1.0,6.0
4,18.0,mobile,12,15.0,1.0,1.0,1.0
5,19.0,mobile,12,16.0,1.0,2.0,1.0
6,20.0,mobile,12,18.0,2.0,1.0,2.0
7,22.0,mobile,12,19.0,1.0,3.0,1.0
8,23.0,mobile,12,22.0,3.0,2.0,3.0
9,26.0,mobile,12,24.0,2.0,2.0,2.0
10,28.0,mobile,12,26.0,2.0,2.0,2.0
