,time,event0,event1,event2,event3,event4,event5
0,0.0,desktop,12,0.0,1.0,1.0,1.0
1,1.0,mobile,12,1.0,1.0,1.0,1.0
2,2.0,mobile,12,2.0,1.0,1.0,1.0
3,3.0,mobile,12,3.0,144.0,147.0,1.0
4,147.0,mobile,12,150.0,4.0,2.0,4.0
5,151.0,mobile,12,152.0,2.0,3.0,2.0
6,153.0,mobile,12,155.0,3.0,1.0,3.0
7,156.0,mobile,12,156.0,19.0,19.0,1.0
8,175.0,mobile,12,175.0,1.0,1.0,1.0
9,176.0,mobile,12,176.0,1.0,1.0,1.0
10,177.0,mobile,12,177.0,1.0,2.0,1.0
