,time,event0,event1,event2,event3,event4,event5
0,0.0,desktop,13,0.0,3.0,1.0,3.0
1,3.0,mobile,13,1.0,1.0,1.0,1.0
2,4.0,mobile,13,2.0,1.0,1.0,1.0
3,5.0,desktop,13,3.0,1.0,2.0,1.0
4,6.0,desktop,13,5.0,2.0,3.0,2.0
5,8.0,desktop,13,8.0,3.0,1.0,3.0
6,11.0,mobile,13,9.0,95.0,99.0,1.0
7,106.0,desktop,13,108.0,5.0,1.0,5.0
8,111.0,desktop,13,109.0,1.0,4.0,1.0
9,112.0,desktop,13,113.0,4.0,2.0,4.0
10,116.0,desktop,13,115.0,2.0,1.0,2.0
11,118.0,desktop,13,116.0,1.0,1.0,1.0
