,time,event0,event1,event2,event3,event4,event5
0,0.0,desktop,13,0.0,2.0,4.0,1.0
1,2.0,desktop,13,4.0,3.0,1.0,3.0
2,5.0,desktop,13,5.0,1.0,1.0,1.0
3,6.0,desktop,13,6.0,1.0,2.0,1.0
4,7.0,desktop,13,8.0,29.0,28.0,2.0
5,36.0,desktop,13,36.0,1.0,4.0,1.0
6,37.0,desktop,13,40.0,4.0,1.0,4.0
7,41.0,mobile,13,41.0,1.0,2.0,1.0
8,42.0,desktop,13,43.0,159.0,159.0,2.0
9,201.0,desktop,13,202.0,2.0,1.0,2.0
10,203.0,desktop,13,203.0,1.0,2.0,1.0
11,204.0,desktop,13,205.0,2.0,1.0,2.0
