,time,event0,event1,event2,event3,event4,event5
0,0.0,desktop,13,0.0,2.0,3.0,2.0
1,2.0,desktop,13,3.0,3.0,1.0,3.0
2,5.0,desktop,13,4.0,1.0,1.0,1.0
3,6.0,desktop,13,5.0,148.0,149.0,1.0
4,154.0,desktop,13,154.0,2.0,2.0,2.0
5,156.0,desktop,13,156.0,2.0,2.0,2.0
6,158.0,desktop,13,158.0,2.0,1.0,2.0
7,160.0,desktop,13,159.0,1.0,2.0,1.0
8,161.0,desktop,13,161.0,147.0,147.0,2.0
9,308.0,desktop,13,308.0,2.0,2.0,2.0
10,310.0,desktop,13,310.0,2.0,1.0,2.0
11,312.0,desktop,13,311.0,1.0,2.0,1.0
