,time,event0,event1,event2,event3,event4,event5
0,0.0,mobile,13,0.0,1.0,1.0,1.0
1,1.0,mobile,13,1.0,1.0,8.0,1.0
2,2.0,mobile,13,9.0,8.0,2.0,8.0
3,10.0,mobile,13,11.0,25.0,24.0,2.0
4,35.0,mobile,13,35.0,1.0,4.0,1.0
5,36.0,mobile,13,39.0,4.0,2.0,4.0
6,40.0,mobile,13,41.0,2.0,3.0,2.0
7,42.0,mobile,13,44.0,3.0,1.0,3.0
8,45.0,mobile,13,45.0,1.0,1.0,1.0
9,46.0,mobile,13,46.0,1.0,3.0,1.0
10,47.0,mobile,13,49.0,3.0,1.0,3.0
11,50.0,mobile,13,50.0,1.0,3.0,1.0
