,time,event0,event1,event2,event3,event4,event5
0,0.0,mobile,14,0.0,1.0,2.0,1.0
1,1.0,mobile,14,2.0,2.0,2.0,2.0
2,3.0,mobile,14,4.0,2.0,3.0,2.0
3,5.0,mobile,14,7.0,3.0,1.0,3.0
4,8.0,mobile,14,8.0,1.0,3.0,1.0
5,9.0,mobile,14,11.0,3.0,1.0,3.0
6,12.0,mobile,14,12.0,205.0,205.0,1.0
7,217.0,mobile,14,217.0,1.0,4.0,1.0
8,218.0,mobile,14,221.0,4.0,3.0,4.0
9,222.0,mobile,14,224.0,3.0,1.0,3.0
10,225.0,mobile,14,225.0,1.0,1.0,1.0
11,226.0,mobile,14,226.0,1.0,1.0,1.0
12,227.0,mobile,14,227.0,1.0,3.0,1.0
