,time,event0,event1,event2,event3,event4,event5
0,0.0,desktop,12,0.0,1.0,6.0,1.0
1,1.0,desktop,12,6.0,6.0,3.0,6.0
2,7.0,desktop,12,9.0,3.0,1.0,3.0
3,10.0,desktop,12,10.0,15.0,15.0,1.0
4,25.0,desktop,12,25.0,1.0,1.0,1.0
5,26.0,desktop,12,26.0,1.0,2.0,1.0
6,27.0,desktop,12,28.0,2.0,1.0,2.0
7,29.0,desktop,12,29.0,1.0,1.0,1.0
8,30.0,desktop,12,30.0,1.0,1.0,1.0
9,31.0,desktop,12,31.0,1.0,1.0,1.0
10,32.0,desktop,12,32.0,1.0,1.0,1.0
