,time,event0,event1,event2,event3,event4,event5
0,0.0,mobile,12,0.0,1.0,5.0,1.0
1,1.0,mobile,12,5.0,5.0,1.0,5.0
2,6.0,mobile,12,6.0,1.0,2.0,1.0
3,7.0,mobile,12,8.0,50.0,54.0,2.0
4,57.0,mobile,12,62.0,6.0,1.0,6.0
5,63.0,mobile,12,63.0,1.0,1.0,1.0
6,64.0,mobile,12,64.0,1.0,1.0,1.0
7,65.0,mobile,12,65.0,140.0,140.0,1.0
8,205.0,mobile,12,205.0,1.0,4.0,1.0
9,206.0,mobile,12,209.0,4.0,1.0,4.0
10,210.0,mobile,12,210.0,1.0,3.0,1.0
