,time,event0,event1,event2,event3,event4,event5
0,0.0,desktop,11,0.0,1.0,2.0,1.0
1,1.0,desktop,11,2.0,2.0,3.0,2.0
2,3.0,desktop,11,5.0,3.0,3.0,3.0
3,6.0,desktop,11,8.0,3.0,1.0,3.0
4,9.0,desktop,11,9.0,1.0,1.0,1.0
5,10.0,desktop,11,10.0,48.0,49.0,1.0
6,58.0,desktop,11,59.0,2.0,4.0,2.0
7,60.0,desktop,11,63.0,4.0,1.0,4.0
8,64.0,desktop,11,64.0,1.0,1.0,1.0
9,65.0,desktop,11,65.0,1.0,1.0,1.0
