,time,event0,event1,event2,event3,event4,event5
0,0.0,desktop,11,0.0,4.0,1.0,4.0
1,4.0,desktop,11,1.0,1.0,2.0,1.0
2,5.0,desktop,11,3.0,2.0,1.0,2.0
3,7.0,desktop,11,4.0,1.0,3.0,1.0
4,8.0,desktop,11,7.0,3.0,1.0,3.0
5,11.0,desktop,11,8.0,1.0,3.0,1.0
6,12.0,desktop,11,11.0,65.0,64.0,3.0
7,77.0,desktop,11,75.0,2.0,1.0,2.0
8,79.0,desktop,11,76.0,1.0,2.0,1.0
9,80.0,desktop,11,78.0,2.0,2.0,2.0
