,time,event0,event1,event2,event3,event4,event5
0,0.0,tablet,13,0.0,4.0,4.0,4.0
1,4.0,tablet,13,4.0,4.0,7.0,4.0
2,8.0,tablet,13,11.0,7.0,6.0,7.0
3,15.0,tablet,13,17.0,6.0,4.0,6.0
4,21.0,tablet,13,21.0,24.0,22.0,4.0
5,45.0,tablet,13,43.0,2.0,3.0,2.0
6,47.0,tablet,13,46.0,3.0,3.0,3.0
7,50.0,tablet,13,49.0,3.0,3.0,3.0
8,53.0,tablet,13,52.0,3.0,4.0,3.0
9,56.0,tablet,13,56.0,4.0,3.0,4.0
10,60.0,tablet,13,59.0,3.0,2.0,3.0
11,63.0,tablet,13,61.0,2.0,1.0,2.0
