,time,event0,event1,event2,event3,event4,event5
0,0.0,desktop,11,0.0,6.0,6.0,6.0
1,6.0,desktop,11,6.0,6.0,7.0,6.0
2,12.0,desktop,11,13.0,7.0,7.0,7.0
3,19.0,desktop,11,20.0,7.0,6.0,7.0
4,26.0,mobile,11,26.0,6.0,7.0,6.0
5,32.0,mobile,11,33.0,7.0,3.0,7.0
6,39.0,mobile,11,36.0,11.0,11.0,3.0
7,50.0,mobile,11,47.0,3.0,2.0,3.0
8,53.0,mobile,11,49.0,2.0,2.0,2.0
9,55.0,mobile,11,51.0,2.0,10.0,2.0
