,time,event0,event1,event2,event3,event4,event5
0,0.0,desktop,12,0.0,3.0,1.0,3.0
1,3.0,desktop,12,1.0,1.0,3.0,1.0
2,4.0,desktop,12,4.0,3.0,1.0,3.0
3,7.0,mobile,12,5.0,1.0,6.0,1.0
4,8.0,desktop,12,11.0,6.0,2.0,6.0
5,14.0,mobile,12,13.0,2.0,4.0,2.0
6,16.0,mobile,12,17.0,4.0,2.0,4.0
7,20.0,mobile,12,19.0,35.0,37.0,2.0
8,55.0,mobile,12,56.0,4.0,1.0,4.0
9,59.0,mobile,12,57.0,1.0,2.0,1.0
10,60.0,mobile,12,59.0,2.0,3.0,2.0
