,time,event0,event1,event2,event3,event4,event5
0,0.0,mobile,11,0.0,2.0,3.0,2.0
1,2.0,desktop,11,3.0,3.0,3.0,3.0
2,5.0,desktop,11,6.0,3.0,5.0,3.0
3,8.0,desktop,11,11.0,5.0,1.0,5.0
4,13.0,desktop,11,12.0,71.0,71.0,1.0
5,84.0,desktop,11,83.0,1.0,4.0,1.0
6,85.0,desktop,11,87.0,4.0,2.0,4.0
7,89.0,desktop,11,89.0,2.0,1.0,2.0
8,91.0,desktop,11,90.0,1.0,4.0,1.0
9,92.0,desktop,11,94.0,4.0,1.0,4.0
