,time,event0,event1,event2,event3,event4,event5
0,0.0,mobile,11,0.0,2.0,4.0,2.0
1,2.0,mobile,11,4.0,4.0,5.0,4.0
2,6.0,mobile,11,9.0,5.0,2.0,5.0
3,11.0,mobile,11,11.0,2.0,2.0,2.0
4,13.0,mobile,11,13.0,3.0,6.0,2.0
5,16.0,mobile,11,19.0,154.0,153.0,5.0
6,170.0,mobile,11,172.0,4.0,2.0,4.0
7,174.0,mobile,11,174.0,2.0,2.0,2.0
8,176.0,mobile,11,176.0,2.0,3.0,2.0
9,178.0,mobile,11,179.0,3.0,2.0,3.0
