,time,event0,event1,event2,event3,event4,event5
0,0.0,mobile,11,0.0,1.0,2.0,1.0
1,1.0,mobile,11,2.0,2.0,2.0,2.0
2,3.0,mobile,11,4.0,2.0,1.0,2.0
3,5.0,mobile,11,5.0,1.0,2.0,1.0
4,6.0,mobile,11,7.0,2.0,3.0,2.0
5,8.0,mobile,11,10.0,3.0,4.0,3.0
6,11.0,mobile,11,14.0,56.0,55.0,4.0
7,67.0,mobile,11,69.0,3.0,2.0,3.0
8,70.0,mobile,11,71.0,2.0,1.0,2.0
9,72.0,mobile,11,72.0,1.0,1.0,1.0
