,time,event0,event1,event2,event3,event4,event5
0,0.0,desktop,13,0.0,4.0,2.0,4.0
1,4.0,desktop,13,2.0,2.0,1.0,2.0
2,6.0,desktop,13,3.0,1.0,2.0,1.0
3,7.0,desktop,13,5.0,2.0,4.0,2.0
4,9.0,mobile,13,9.0,4.0,2.0,4.0
5,13.0,mobile,13,11.0,2.0,3.0,2.0
6,15.0,mobile,13,14.0,3.0,1.0,3.0
7,18.0,mobile,13,15.0,144.0,145.0,1.0
8,162.0,mobile,13,160.0,2.0,2.0,2.0
9,164.0,mobile,13,162.0,2.0,2.0,2.0
10,166.0,desktop,13,164.0,2.0,3.0,2.0
11,168.0,mobile,13,167.0,3.0,3.0,3.0
