,time,event0,event1,event2,event3,event4,event5
0,0.0,desktop,11,0.0,3.0,2.0,3.0
1,3.0,desktop,11,2.0,2.0,2.0,2.0
2,5.0,desktop,11,4.0,2.0,3.0,2.0
3,7.0,desktop,11,7.0,7.0,5.0,3.0
4,14.0,desktop,11,12.0,1.0,1.0,1.0
5,15.0,desktop,11,13.0,1.0,6.0,1.0
6,16.0,desktop,11,19.0,6.0,4.0,6.0
7,22.0,desktop,11,23.0,4.0,1.0,4.0
8,26.0,desktop,11,24.0,1.0,3.0,1.0
9,27.0,desktop,11,27.0,3.0,2.0,3.0
