,time,event0,event1,event2,event3,event4,event5
0,0.0,desktop,11,0.0,1.0,2.0,1.0
1,1.0,desktop,11,2.0,2.0,3.0,2.0
2,3.0,desktop,11,5.0,3.0,1.0,3.0
3,6.0,desktop,11,6.0,270.0,272.0,1.0
4,276.0,desktop,11,278.0,3.0,1.0,3.0
5,279.0,desktop,11,279.0,1.0,2.0,1.0
6,280.0,desktop,11,281.0,2.0,5.0,2.0
7,282.0,desktop,11,286.0,5.0,3.0,5.0
8,287.0,desktop,11,289.0,3.0,3.0,3.0
9,290.0,desktop,11,292.0,3.0,1.0,3.0
