,time,event0,event1,event2,event3,event4,event5
0,0.0,desktop,11,0.0,4.0,2.0,4.0
1,4.0,desktop,11,2.0,2.0,1.0,2.0
2,6.0,desktop,11,3.0,1.0,1.0,1.0
3,7.0,desktop,11,4.0,1.0,2.0,1.0
4,8.0,desktop,11,6.0,126.0,126.0,2.0
5,134.0,desktop,11,132.0,2.0,1.0,2.0
6,136.0,desktop,11,133.0,1.0,3.0,1.0
7,137.0,desktop,11,136.0,3.0,2.0,3.0
8,140.0,desktop,11,138.0,2.0,1.0,2.0
9,142.0,desktop,11,139.0,1.0,4.0,1.0
