,time,event0,event1,event2,event3,event4,event5
0,0.0,desktop,12,0.0,1.0,1.0,1.0
1,1.0,desktop,12,1.0,1.0,1.0,1.0
2,2.0,desktop,12,2.0,43.0,44.0,1.0
3,45.0,desktop,12,46.0,2.0,2.0,2.0
4,47.0,desktop,12,48.0,2.0,2.0,2.0
5,49.0,desktop,12,50.0,2.0,4.0,2.0
6,51.0,desktop,12,54.0,37.0,35.0,4.0
7,88.0,desktop,12,89.0,2.0,2.0,2.0
8,90.0,desktop,12,91.0,2.0,2.0,2.0
9,92.0,desktop,12,93.0,2.0,2.0,2.0
10,94.0,desktop,12,95.0,2.0,1.0,2.0
