,time,event0,event1,event2,event3,event4,event5
0,0.0,desktop,13,0.0,4.0,2.0,4.0
1,4.0,desktop,13,2.0,2.0,3.0,2.0
2,6.0,mobile,13,5.0,3.0,2.0,3.0
3,9.0,mobile,13,7.0,7.0,7.0,2.0
4,16.0,mobile,13,14.0,2.0,3.0,2.0
5,18.0,mobile,13,17.0,3.0,2.0,3.0
6,21.0,mobile,13,19.0,2.0,2.0,2.0
7,23.0,mobile,13,21.0,2.0,2.0,2.0
8,25.0,mobile,13,23.0,29.0,30.0,2.0
9,54.0,desktop,13,53.0,3.0,1.0,3.0
10,57.0,desktop,13,54.0,1.0,4.0,1.0
11,58.0,desktop,13,58.0,4.0,2.0,4.0
