,time,event0,event1,event2,event3,event4,event5
0,0.0,desktop,11,0.0,3.0,1.0,3.0
1,3.0,desktop,11,1.0,1.0,3.0,1.0
2,4.0,desktop,11,4.0,3.0,3.0,3.0
3,7.0,desktop,11,7.0,3.0,4.0,3.0
4,10.0,desktop,11,11.0,5.0,2.0,4.0
5,15.0,desktop,11,13.0,1.0,3.0,1.0
6,16.0,desktop,11,16.0,3.0,1.0,3.0
7,19.0,desktop,11,17.0,1.0,1.0,1.0
8,20.0,desktop,11,18.0,1.0,7.0,1.0
9,21.0,desktop,11,25.0,7.0,1.0,7.0
