,time,event0,event1,event2,event3,event4,event5
0,0.0,mobile,13,0.0,1.0,4.0,1.0
1,1.0,mobile,13,4.0,4.0,1.0,4.0
2,5.0,mobile,13,5.0,1.0,1.0,1.0
3,6.0,mobile,13,6.0,7.0,7.0,1.0
4,13.0,mobile,13,13.0,1.0,2.0,1.0
5,14.0,mobile,13,15.0,2.0,3.0,2.0
6,16.0,mobile,13,18.0,3.0,1.0,3.0
7,19.0,mobile,13,19.0,1.0,1.0,1.0
8,20.0,mobile,13,20.0,1.0,1.0,1.0
9,21.0,mobile,13,21.0,1.0,1.0,1.0
10,22.0,mobile,13,22.0,1.0,1.0,1.0
11,23.0,mobile,13,23.0,1.0,1.0,1.0
