,time,event0,event1,event2,event3,event4,event5
0,0.0,desktop,13,0.0,2.0,5.0,2.0
1,2.0,desktop,13,5.0,5.0,2.0,5.0
2,7.0,desktop,13,7.0,2.0,1.0,2.0
3,9.0,mobile,13,8.0,1.0,1.0,1.0
4,10.0,mobile,13,9.0,1.0,1.0,1.0
5,11.0,mobile,13,10.0,1.0,3.0,1.0
6,12.0,mobile,13,13.0,3.0,1.0,3.0
7,15.0,desktop,13,14.0,125.0,126.0,1.0
8,140.0,desktop,13,140.0,2.0,2.0,2.0
9,142.0,desktop,13,142.0,2.0,2.0,2.0
10,144.0,desktop,13,144.0,2.0,2.0,2.0
11,146.0,desktop,13,146.0,2.0,5.0,2.0
