,time,event0,event1,event2,event3,event4,event5
0,0.0,mobile,11,0.0,3.0,2.0,3.0
1,3.0,desktop,11,2.0,2.0,1.0,2.0
2,5.0,desktop,11,3.0,1.0,1.0,1.0
3,6.0,mobile,11,4.0,1.0,2.0,1.0
4,7.0,mobile,11,6.0,2.0,1.0,2.0
5,9.0,mobile,11,7.0,4.0,4.0,1.0
6,13.0,mobile,11,11.0,154.0,155.0,1.0
7,167.0,mobile,11,166.0,2.0,1.0,2.0
8,169.0,desktop,11,167.0,1.0,1.0,1.0
9,170.0,desktop,11,168.0,1.0,1.0,1.0
