,time,event0,event1,event2,event3,event4,event5
0,0.0,desktop,11,0.0,2.0,1.0,2.0
1,2.0,desktop,11,1.0,1.0,7.0,1.0
2,3.0,desktop,11,8.0,7.0,1.0,7.0
3,10.0,desktop,11,9.0,1.0,2.0,1.0
4,11.0,desktop,11,11.0,88.0,87.0,2.0
5,99.0,desktop,11,98.0,1.0,1.0,1.0
6,100.0,desktop,11,99.0,2.0,3.0,1.0
7,102.0,desktop,11,102.0,2.0,5.0,2.0
8,104.0,desktop,11,107.0,5.0,2.0,5.0
9,109.0,desktop,11,109.0,2.0,1.0,2.0
