,time,event0,event1,event2,event3,event4,event5
0,0.0,desktop,11,0.0,2.0,2.0,2.0
1,2.0,mobile,11,2.0,2.0,1.0,2.0
2,4.0,mobile,11,3.0,1.0,2.0,1.0
3,5.0,desktop,11,5.0,2.0,4.0,2.0
4,7.0,desktop,11,9.0,4.0,2.0,4.0
5,11.0,desktop,11,11.0,194.0,194.0,2.0
6,205.0,mobile,11,205.0,2.0,2.0,2.0
7,207.0,mobile,11,207.0,2.0,2.0,2.0
8,209.0,mobile,11,209.0,2.0,3.0,2.0
9,211.0,mobile,11,212.0,3.0,3.0,3.0
