,time,event0,event1,event2,event3,event4,event5
0,0.0,desktop,13,0.0,4.0,3.0,4.0
1,4.0,desktop,13,3.0,3.0,2.0,3.0
2,7.0,desktop,13,5.0,2.0,1.0,2.0
3,9.0,desktop,13,6.0,1.0,2.0,1.0
4,10.0,desktop,13,8.0,148.0,149.0,2.0
5,158.0,desktop,13,157.0,3.0,1.0,3.0
6,161.0,desktop,13,158.0,1.0,1.0,1.0
7,162.0,desktop,13,159.0,1.0,2.0,1.0
8,163.0,desktop,13,161.0,2.0,1.0,2.0
9,165.0,mobile,13,162.0,1.0,1.0,1.0
10,166.0,mobile,13,163.0,1.0,1.0,1.0
11,167.0,mobile,13,164.0,1.0,1.0,1.0
