,time,event0,event1,event2,event3,event4,event5
0,0.0,desktop,13,0.0,1.0,1.0,1.0
1,1.0,desktop,13,1.0,1.0,2.0,1.0
2,2.0,desktop,13,3.0,2.0,1.0,2.0
3,4.0,desktop,13,4.0,20.0,22.0,1.0
4,24.0,desktop,13,26.0,3.0,1.0,3.0
5,27.0,desktop,13,27.0,1.0,5.0,1.0
6,28.0,desktop,13,32.0,5.0,3.0,5.0
7,33.0,desktop,13,35.0,3.0,2.0,3.0
8,36.0,desktop,13,37.0,122.0,121.0,2.0
9,158.0,desktop,13,158.0,1.0,1.0,1.0
10,159.0,desktop,13,159.0,1.0,1.0,1.0
11,160.0,desktop,13,160.0,1.0,1.0,1.0
