,time,event0,event1,event2,event3,event4,event5
0,0.0,mobile,13,0.0,2.0,7.0,2.0
1,2.0,mobile,13,7.0,7.0,2.0,7.0
2,9.0,mobile,13,9.0,2.0,2.0,2.0
3,11.0,mobile,13,11.0,2.0,2.0,2.0
4,13.0,mobile,13,13.0,2.0,2.0,2.0
5,15.0,mobile,13,15.0,2.0,4.0,2.0
6,17.0,mobile,13,19.0,4.0,3.0,4.0
7,21.0,mobile,13,22.0,3.0,7.0,3.0
8,24.0,mobile,13,29.0,7.0,1.0,7.0
9,31.0,mobile,13,30.0,1.0,2.0,1.0
10,32.0,mobile,13,32.0,2.0,5.0,2.0
11,34.0,mobile,13,37.0,5.0,1.0,5.0
