,time,event0,event1,event2,event3,event4,event5
0,0.0,mobile,13,0.0,1.0,1.0,1.0
1,1.0,mobile,13,1.0,1.0,1.0,1.0
2,2.0,mobile,13,2.0,1.0,2.0,1.0
3,3.0,mobile,13,4.0,189.0,188.0,2.0
4,192.0,desktop,13,192.0,1.0,1.0,1.0
5,193.0,desktop,13,193.0,1.0,2.0,1.0
6,194.0,desktop,13,195.0,2.0,1.0,2.0
7,196.0,desktop,13,196.0,1.0,1.0,1.0
8,197.0,desktop,13,197.0,109.0,110.0,1.0
9,306.0,mobile,13,307.0,2.0,3.0,2.0
10,308.0,desktop,13,310.0,3.0,2.0,3.0
11,311.0,desktop,13,312.0,2.0,1.0,2.0
