,time,event0,event1,event2,event3,event4,event5
0,0.0,tablet,13,0.0,3.0,2.0,2.0
1,3.0,tablet,13,2.0,1.0,1.0,1.0
2,4.0,tablet,13,3.0,2.0,2.0,1.0
3,6.0,tablet,13,5.0,125.0,126.0,1.0
4,131.0,tablet,13,131.0,2.0,5.0,2.0
5,133.0,tablet,13,136.0,5.0,3.0,5.0
6,138.0,desktop,13,139.0,3.0,2.0,3.0
7,141.0,mobile,13,141.0,72.0,73.0,2.0
8,213.0,tablet,13,214.0,3.0,2.0,3.0
9,216.0,tablet,13,216.0,2.0,2.0,2.0
10,218.0,tablet,13,218.0,2.0,3.0,2.0
11,220.0,tablet,13,221.0,3.0,2.0,3.0
