,time,event0,event1,event2,event3,event4,event5
0,0.0,desktop,11,0.0,3.0,2.0,3.0
1,3.0,desktop,11,2.0,2.0,2.0,2.0
2,5.0,desktop,11,4.0,2.0,1.0,2.0
3,7.0,desktop,11,5.0,1.0,1.0,1.0
4,8.0,desktop,11,6.0,121.0,121.0,1.0
5,129.0,mobile,11,127.0,1.0,4.0,1.0
6,130.0,desktop,11,131.0,4.0,1.0,4.0
7,134.0,desktop,11,132.0,1.0,1.0,1.0
8,135.0,desktop,11,133.0,1.0,1.0,1.0
9,136.0,desktop,11,134.0,1.0,1.0,1.0
