,time,event0,event1,event2,event3,event4,event5
0,0.0,tablet,11,0.0,1.0,3.0,1.0
1,1.0,tablet,11,3.0,3.0,2.0,3.0
2,4.0,tablet,11,5.0,2.0,3.0,2.0
3,6.0,tablet,11,8.0,357.0,355.0,3.0
4,363.0,tablet,11,363.0,1.0,1.0,1.0
5,364.0,tablet,11,364.0,1.0,1.0,1.0
6,365.0,tablet,11,365.0,1.0,2.0,1.0
7,366.0,tablet,11,367.0,2.0,1.0,2.0
8,368.0,desktop,11,368.0,1.0,4.0,1.0
9,369.0,tablet,11,372.0,4.0,2.0,4.0
