,time,event0,event1,event2,event3,event4,event5
0,0.0,desktop,11,0.0,1.0,3.0,1.0
1,1.0,desktop,11,3.0,3.0,2.0,3.0
2,4.0,desktop,11,5.0,2.0,3.0,2.0
3,6.0,desktop,11,8.0,3.0,1.0,3.0
4,9.0,desktop,11,9.0,228.0,228.0,1.0
5,237.0,desktop,11,237.0,1.0,1.0,1.0
6,238.0,desktop,11,238.0,1.0,2.0,1.0
7,239.0,desktop,11,240.0,2.0,5.0,2.0
8,241.0,desktop,11,245.0,5.0,2.0,5.0
9,246.0,desktop,11,247.0,2.0,1.0,2.0
