,time,event0,event1,event2,event3,event4,event5
0,0.0,mobile,13,0.0,3.0,3.0,3.0
1,3.0,mobile,13,3.0,3.0,2.0,3.0
2,6.0,mobile,13,5.0,2.0,3.0,2.0
3,8.0,mobile,13,8.0,101.0,100.0,3.0
4,109.0,mobile,13,108.0,2.0,2.0,2.0
5,111.0,mobile,13,110.0,2.0,4.0,2.0
6,113.0,mobile,13,114.0,4.0,2.0,4.0
7,117.0,mobile,13,116.0,3.0,3.0,2.0
8,120.0,mobile,13,119.0,2.0,1.0,2.0
9,122.0,mobile,13,120.0,1.0,5.0,1.0
10,123.0,mobile,13,125.0,5.0,2.0,5.0
11,128.0,mobile,13,127.0,2.0,3.0,2.0
