,time,event0,event1,event2,event3,event4,event5
0,0.0,desktop,13,0.0,4.0,1.0,4.0
1,4.0,desktop,13,1.0,1.0,2.0,1.0
2,5.0,desktop,13,3.0,2.0,2.0,2.0
3,7.0,desktop,13,5.0,2.0,1.0,2.0
4,9.0,desktop,13,6.0,1.0,3.0,1.0
5,10.0,desktop,13,9.0,193.0,193.0,3.0
6,203.0,desktop,13,202.0,3.0,1.0,3.0
7,206.0,desktop,13,203.0,1.0,2.0,1.0
8,207.0,desktop,13,205.0,2.0,1.0,2.0
9,209.0,desktop,13,206.0,1.0,1.0,1.0
10,210.0,desktop,13,207.0,1.0,1.0,1.0
11,211.0,desktop,13,208.0,1.0,4.0,1.0
