,time,event0,event1,event2,event3,event4,event5
0,0.0,desktop,13,0.0,1.0,2.0,1.0
1,1.0,desktop,13,2.0,2.0,1.0,2.0
2,3.0,desktop,13,3.0,1.0,1.0,1.0
3,4.0,mobile,13,4.0,133.0,134.0,1.0
4,137.0,desktop,13,138.0,2.0,4.0,2.0
5,139.0,desktop,13,142.0,4.0,1.0,4.0
6,143.0,desktop,13,143.0,1.0,4.0,1.0
7,144.0,mobile,13,147.0,4.0,4.0,4.0
8,148.0,mobile,13,151.0,4.0,3.0,4.0
9,152.0,mobile,13,154.0,3.0,2.0,3.0
10,155.0,mobile,13,156.0,2.0,3.0,2.0
11,157.0,mobile,13,159.0,3.0,3.0,3.0
