,time,event0,event1,event2,event3,event4,event5
0,0.0,mobile,11,0.0,4.0,2.0,4.0
1,4.0,mobile,11,2.0,2.0,3.0,2.0
2,6.0,mobile,11,5.0,3.0,2.0,3.0
3,9.0,mobile,11,7.0,2.0,3.0,2.0
4,11.0,mobile,11,10.0,183.0,183.0,3.0
5,194.0,mobile,11,193.0,3.0,2.0,3.0
6,197.0,mobile,11,195.0,2.0,1.0,2.0
7,199.0,mobile,11,196.0,1.0,5.0,1.0
8,200.0,mobile,11,201.0,5.0,2.0,5.0
9,205.0,mobile,11,203.0,2.0,2.0,2.0
