,time,event0,event1,event2,event3,event4,event5
0,0.0,mobile,11,0.0,2.0,3.0,2.0
1,2.0,mobile,11,3.0,3.0,3.0,3.0
2,5.0,mobile,11,6.0,3.0,6.0,3.0
3,8.0,mobile,11,12.0,6.0,6.0,6.0
4,14.0,mobile,11,18.0,6.0,5.0,6.0
5,20.0,mobile,11,23.0,188.0,184.0,5.0
6,208.0,mobile,11,207.0,1.0,1.0,1.0
7,209.0,mobile,11,208.0,1.0,2.0,1.0
8,210.0,mobile,11,210.0,2.0,3.0,2.0
9,212.0,mobile,11,213.0,3.0,3.0,3.0
