,time,event0,event1,event2,event3,event4,event5
0,0.0,tablet,12,0.0,3.0,1.0,3.0
1,3.0,tablet,12,1.0,1.0,1.0,1.0
2,4.0,tablet,12,2.0,1.0,2.0,1.0
3,5.0,tablet,12,4.0,58.0,58.0,2.0
4,63.0,tablet,12,62.0,2.0,1.0,2.0
5,65.0,mobile,12,63.0,1.0,1.0,1.0
6,66.0,mobile,12,64.0,1.0,1.0,1.0
7,67.0,tablet,12,65.0,96.0,97.0,1.0
8,163.0,tablet,12,162.0,2.0,2.0,2.0
9,165.0,desktop,12,164.0,2.0,2.0,2.0
10,167.0,tablet,12,166.0,2.0,1.0,2.0
