,time,event0,event1,event2,event3,event4,event5
0,0.0,desktop,12,0.0,1.0,3.0,1.0
1,1.0,desktop,12,3.0,3.0,2.0,3.0
2,4.0,desktop,12,5.0,2.0,1.0,2.0
3,6.0,desktop,12,6.0,32.0,33.0,1.0
4,38.0,desktop,12,39.0,2.0,2.0,2.0
5,40.0,desktop,12,41.0,2.0,2.0,2.0
6,42.0,desktop,12,43.0,2.0,1.0,2.0
7,44.0,mobile,12,44.0,124.0,124.0,1.0
8,168.0,desktop,12,168.0,1.0,2.0,1.0
9,169.0,desktop,12,170.0,2.0,1.0,2.0
10,171.0,mobile,12,171.0,1.0,2.0,1.0
