,time,event0,event1,event2,event3,event4,event5
0,0.0,tablet,11,0.0,4.0,3.0,4.0
1,4.0,tablet,11,3.0,3.0,7.0,3.0
2,7.0,tablet,11,10.0,7.0,7.0,7.0
3,14.0,tablet,11,17.0,7.0,5.0,7.0
4,21.0,tablet,11,22.0,221.0,217.0,5.0
5,242.0,mobile,11,239.0,1.0,4.0,1.0
6,243.0,mobile,11,243.0,4.0,7.0,4.0
7,247.0,desktop,11,250.0,7.0,2.0,7.0
8,254.0,mobile,11,252.0,2.0,2.0,2.0
9,256.0,mobile,11,254.0,2.0,1.0,2.0
