,time,event0,event1,event2,event3,event4,event5
0,0.0,mobile,11,0.0,3.0,3.0,3.0
1,3.0,mobile,11,3.0,3.0,1.0,3.0
2,6.0,mobile,11,4.0,1.0,2.0,1.0
3,7.0,mobile,11,6.0,2.0,5.0,2.0
4,9.0,mobile,11,11.0,5.0,4.0,5.0
5,14.0,mobile,11,15.0,4.0,2.0,4.0
6,18.0,mobile,11,17.0,2.0,5.0,2.0
7,20.0,mobile,11,22.0,5.0,4.0,5.0
8,25.0,mobile,11,26.0,4.0,3.0,4.0
9,29.0,mobile,11,29.0,3.0,1.0,3.0
