,time,event0,event1,event2,event3,event4,event5
0,0.0,desktop,12,0.0,4.0,1.0,4.0
1,4.0,mobile,12,1.0,1.0,1.0,1.0
2,5.0,mobile,12,2.0,1.0,3.0,1.0
3,6.0,mobile,12,5.0,62.0,64.0,3.0
4,68.0,mobile,12,69.0,5.0,3.0,5.0
5,73.0,desktop,12,72.0,3.0,3.0,3.0
6,76.0,desktop,12,75.0,3.0,3.0,3.0
7,79.0,desktop,12,78.0,100.0,98.0,3.0
8,179.0,mobile,12,176.0,1.0,1.0,1.0
9,180.0,mobile,12,177.0,1.0,1.0,1.0
10,181.0,mobile,12,178.0,1.0,2.0,1.0
