,time,event0,event1,event2,event3,event4,event5
0,0.0,desktop,11,0.0,2.0,2.0,2.0
1,2.0,desktop,11,2.0,2.0,2.0,2.0
2,4.0,mobile,11,4.0,2.0,5.0,2.0
3,6.0,desktop,11,9.0,46.0,42.0,5.0
4,52.0,desktop,11,51.0,1.0,3.0,1.0
5,53.0,desktop,11,54.0,3.0,2.0,3.0
6,56.0,desktop,11,56.0,2.0,2.0,2.0
7,58.0,mobile,11,58.0,2.0,1.0,2.0
8,60.0,mobile,11,59.0,1.0,1.0,1.0
9,61.0,mobile,11,60.0,1.0,1.0,1.0
