,time,event0,event1,event2,event3,event4,event5
0,0.0,desktop,11,0.0,2.0,1.0,2.0
1,2.0,desktop,11,1.0,1.0,2.0,1.0
2,3.0,desktop,11,3.0,2.0,4.0,2.0
3,5.0,desktop,11,7.0,4.0,1.0,4.0
4,9.0,desktop,11,8.0,1.0,1.0,1.0
5,10.0,desktop,11,9.0,247.0,247.0,1.0
6,257.0,desktop,11,256.0,1.0,2.0,1.0
7,258.0,desktop,11,258.0,2.0,2.0,2.0
8,260.0,desktop,11,260.0,2.0,6.0,2.0
9,262.0,desktop,11,266.0,6.0,2.0,6.0
