,time,event0,event1,event2,event3,event4,event5
0,0.0,desktop,13,0.0,4.0,4.0,4.0
1,4.0,mobile,13,4.0,4.0,1.0,4.0
2,8.0,mobile,13,5.0,1.0,1.0,1.0
3,9.0,mobile,13,6.0,22.0,26.0,1.0
4,31.0,desktop,13,32.0,5.0,3.0,5.0
5,36.0,desktop,13,35.0,3.0,2.0,3.0
6,39.0,desktop,13,37.0,2.0,6.0,2.0
7,41.0,desktop,13,43.0,21.0,17.0,6.0
8,62.0,desktop,13,60.0,2.0,2.0,2.0
9,64.0,desktop,13,62.0,2.0,2.0,2.0
10,66.0,desktop,13,64.0,2.0,1.0,2.0
11,68.0,desktop,13,65.0,1.0,2.0,1.0
