,time,event0,event1,event2,event3,event4,event5
0,0.0,mobile,12,0.0,5.0,2.0,5.0
1,5.0,mobile,12,2.0,2.0,2.0,2.0
2,7.0,mobile,12,4.0,2.0,2.0,2.0
3,9.0,mobile,12,6.0,2.0,1.0,2.0
4,11.0,mobile,12,7.0,1.0,3.0,1.0
5,12.0,mobile,12,10.0,3.0,1.0,3.0
6,15.0,mobile,12,11.0,4.0,4.0,1.0
7,19.0,mobile,12,15.0,1.0,2.0,1.0
8,20.0,mobile,12,17.0,2.0,2.0,2.0
9,22.0,mobile,12,19.0,2.0,1.0,2.0
10,24.0,mobile,12,20.0,1.0,2.0,1.0
