,time,event0,event1,event2,event3,event4,event5
0,0.0,desktop,13,0.0,1.0,3.0,1.0
1,1.0,tablet,13,3.0,3.0,1.0,3.0
2,4.0,mobile,13,4.0,1.0,1.0,1.0
3,5.0,tablet,13,5.0,133.0,135.0,1.0
4,138.0,desktop,13,140.0,3.0,1.0,3.0
5,141.0,desktop,13,141.0,1.0,2.0,1.0
6,142.0,desktop,13,143.0,2.0,1.0,2.0
7,144.0,desktop,13,144.0,1.0,1.0,1.0
8,145.0,desktop,13,145.0,1.0,4.0,1.0
9,146.0,desktop,13,149.0,4.0,1.0,4.0
10,150.0,desktop,13,150.0,1.0,1.0,1.0
11,151.0,desktop,13,151.0,1.0,1.0,1.0
