,time,event0,event1,event2,event3,event4,event5
0,0.0,desktop,11,0.0,1.0,1.0,1.0
1,1.0,desktop,11,1.0,1.0,1.0,1.0
2,2.0,desktop,11,2.0,1.0,2.0,1.0
3,3.0,desktop,11,4.0,2.0,3.0,2.0
4,5.0,desktop,11,7.0,3.0,1.0,3.0
5,8.0,desktop,11,8.0,117.0,120.0,1.0
6,125.0,desktop,11,128.0,4.0,6.0,4.0
7,129.0,desktop,11,134.0,6.0,2.0,6.0
8,135.0,desktop,11,136.0,2.0,1.0,2.0
9,137.0,desktop,11,137.0,1.0,2.0,1.0
