,time,event0,event1,event2,event3,event4,event5
0,0.0,mobile,12,0.0,3.0,1.0,3.0
1,3.0,mobile,12,1.0,1.0,10.0,1.0
2,4.0,mobile,12,11.0,10.0,2.0,10.0
3,14.0,mobile,12,13.0,4.0,6.0,2.0
4,18.0,mobile,12,19.0,4.0,4.0,4.0
5,22.0,mobile,12,23.0,4.0,3.0,4.0
6,26.0,mobile,12,26.0,3.0,5.0,3.0
7,29.0,mobile,12,31.0,5.0,2.0,5.0
8,34.0,mobile,12,33.0,2.0,1.0,2.0
9,36.0,mobile,12,34.0,1.0,2.0,1.0
10,37.0,mobile,12,36.0,2.0,2.0,2.0
