,time,event0,event1,event2,event3,event4,event5
0,0.0,mobile,13,0.0,4.0,3.0,4.0
1,4.0,mobile,13,3.0,3.0,3.0,3.0
2,7.0,mobile,13,6.0,3.0,7.0,3.0
3,10.0,mobile,13,13.0,13.0,8.0,7.0
4,23.0,mobile,13,21.0,2.0,2.0,2.0
5,25.0,mobile,13,23.0,2.0,3.0,2.0
6,27.0,mobile,13,26.0,3.0,2.0,3.0
7,30.0,mobile,13,28.0,2.0,3.0,2.0
8,32.0,mobile,13,31.0,3.0,2.0,3.0
9,35.0,mobile,13,33.0,2.0,3.0,2.0
10,37.0,mobile,13,36.0,3.0,1.0,3.0
11,40.0,mobile,13,37.0,1.0,2.0,1.0
