,time,event0,event1,event2,event3,event4,event5
0,0.0,mobile,14,0.0,1.0,4.0,1.0
1,1.0,desktop,14,4.0,4.0,1.0,4.0
2,5.0,mobile,14,5.0,1.0,1.0,1.0
3,6.0,mobile,14,6.0,1.0,2.0,1.0
4,7.0,mobile,14,8.0,71.0,71.0,2.0
5,78.0,mobile,14,79.0,2.0,2.0,2.0
6,80.0,mobile,14,81.0,2.0,1.0,2.0
7,82.0,mobile,14,82.0,1.0,2.0,1.0
8,83.0,mobile,14,84.0,2.0,1.0,2.0
9,85.0,mobile,14,85.0,67.0,67.0,1.0
10,152.0,mobile,14,152.0,1.0,1.0,1.0
11,153.0,mobile,14,153.0,1.0,1.0,1.0
12,154.0,mobile,14,154.0,1.0,1.0,1.0
