,time,event0,event1,event2,event3,event4,event5
0,0.0,mobile,14,0.0,3.0,3.0,3.0
1,3.0,desktop,14,3.0,3.0,2.0,3.0
2,6.0,mobile,14,5.0,2.0,2.0,2.0
3,8.0,mobile,14,7.0,3.0,4.0,2.0
4,11.0,mobile,14,11.0,3.0,2.0,3.0
5,14.0,mobile,14,13.0,2.0,1.0,2.0
6,16.0,mobile,14,14.0,1.0,1.0,1.0
7,17.0,mobile,14,15.0,1.0,3.0,1.0
8,18.0,desktop,14,18.0,6.0,4.0,3.0
9,24.0,mobile,14,22.0,18.0,19.0,1.0
10,42.0,mobile,14,41.0,2.0,3.0,2.0
11,44.0,mobile,14,44.0,3.0,4.0,3.0
12,47.0,mobile,14,48.0,4.0,2.0,4.0
