,time,event0,event1,event2,event3,event4,event5
0,0.0,desktop,11,0.0,2.0,1.0,2.0
1,2.0,desktop,11,1.0,1.0,3.0,1.0
2,3.0,desktop,11,4.0,3.0,1.0,3.0
3,6.0,desktop,11,5.0,1.0,3.0,1.0
4,7.0,desktop,11,8.0,97.0,99.0,3.0
5,104.0,desktop,11,107.0,5.0,1.0,5.0
6,109.0,desktop,11,108.0,1.0,5.0,1.0
7,110.0,desktop,11,113.0,5.0,1.0,5.0
8,115.0,desktop,11,114.0,1.0,6.0,1.0
9,116.0,desktop,11,120.0,6.0,2.0,6.0
