,time,event0,event1,event2,event3,event4,event5
0,0.0,desktop,12,0.0,3.0,2.0,3.0
1,3.0,desktop,12,2.0,2.0,2.0,2.0
2,5.0,desktop,12,4.0,2.0,2.0,2.0
3,7.0,desktop,12,6.0,2.0,4.0,2.0
4,9.0,desktop,12,10.0,4.0,1.0,4.0
5,13.0,tablet,12,11.0,122.0,122.0,1.0
6,135.0,desktop,12,133.0,1.0,1.0,1.0
7,136.0,desktop,12,134.0,1.0,1.0,1.0
8,137.0,desktop,12,135.0,1.0,1.0,1.0
9,138.0,desktop,12,136.0,1.0,3.0,1.0
10,139.0,desktop,12,139.0,3.0,1.0,3.0
