,time,event0,event1,event2,event3,event4,event5
0,0.0,desktop,13,0.0,4.0,2.0,4.0
1,4.0,desktop,13,2.0,2.0,1.0,2.0
2,6.0,desktop,13,3.0,1.0,1.0,1.0
3,7.0,desktop,13,4.0,1.0,3.0,1.0
4,8.0,desktop,13,7.0,3.0,2.0,3.0
5,11.0,desktop,13,9.0,2.0,2.0,2.0
6,13.0,desktop,13,11.0,338.0,337.0,2.0
7,351.0,desktop,13,348.0,1.0,5.0,1.0
8,352.0,desktop,13,353.0,5.0,2.0,5.0
9,357.0,desktop,13,355.0,2.0,5.0,2.0
10,359.0,desktop,13,360.0,5.0,1.0,5.0
11,364.0,desktop,13,361.0,1.0,2.0,1.0
