,time,event0,event1,event2,event3,event4,event5
0,0.0,mobile,11,0.0,1.0,2.0,1.0
1,1.0,mobile,11,2.0,2.0,3.0,2.0
2,3.0,mobile,11,5.0,3.0,2.0,3.0
3,6.0,mobile,11,7.0,2.0,2.0,2.0
4,8.0,mobile,11,9.0,2.0,4.0,2.0
5,10.0,mobile,11,13.0,22.0,21.0,4.0
6,32.0,mobile,11,34.0,3.0,3.0,3.0
7,35.0,mobile,11,37.0,3.0,4.0,3.0
8,38.0,mobile,11,41.0,4.0,5.0,4.0
9,42.0,mobile,11,46.0,5.0,7.0,5.0
