,time,event0,event1,event2,event3,event4,event5
0,0.0,mobile,13,0.0,3.0,3.0,3.0
1,3.0,mobile,13,3.0,3.0,3.0,3.0
2,6.0,mobile,13,6.0,3.0,2.0,3.0
3,9.0,mobile,13,8.0,2.0,3.0,2.0
4,11.0,mobile,13,11.0,3.0,3.0,3.0
5,14.0,mobile,13,14.0,3.0,3.0,3.0
6,17.0,mobile,13,17.0,3.0,3.0,3.0
7,20.0,mobile,13,20.0,3.0,3.0,3.0
8,23.0,mobile,13,23.0,26.0,25.0,3.0
9,49.0,mobile,13,48.0,2.0,7.0,2.0
10,51.0,mobile,13,55.0,7.0,8.0,7.0
11,58.0,mobile,13,63.0,8.0,3.0,8.0
