,time,event0,event1,event2,event3,event4,event5
0,0.0,desktop,13,0.0,1.0,1.0,1.0
1,1.0,desktop,13,1.0,1.0,1.0,1.0
2,2.0,desktop,13,2.0,1.0,1.0,1.0
3,3.0,desktop,13,3.0,27.0,29.0,1.0
4,30.0,desktop,13,32.0,3.0,2.0,3.0
5,33.0,desktop,13,34.0,2.0,1.0,2.0
6,35.0,mobile,13,35.0,1.0,3.0,1.0
7,36.0,desktop,13,38.0,129.0,129.0,3.0
8,165.0,desktop,13,167.0,3.0,1.0,3.0
9,168.0,desktop,13,168.0,1.0,2.0,1.0
10,169.0,mobile,13,170.0,2.0,2.0,2.0
11,171.0,desktop,13,172.0,2.0,1.0,2.0
