,time,event0,event1,event2,event3,event4,event5
0,0.0,desktop,11,0.0,1.0,1.0,1.0
1,1.0,desktop,11,1.0,1.0,20.0,1.0
2,2.0,desktop,11,21.0,20.0,1.0,20.0
3,22.0,desktop,11,22.0,1.0,3.0,1.0
4,23.0,desktop,11,25.0,3.0,3.0,3.0
5,26.0,desktop,11,28.0,3.0,1.0,3.0
6,29.0,desktop,11,29.0,131.0,133.0,1.0
7,160.0,desktop,11,162.0,3.0,4.0,3.0
8,163.0,desktop,11,166.0,4.0,16.0,4.0
9,167.0,desktop,11,182.0,16.0,7.0,16.0
