,time,event0,event1,event2,event3,event4,event5
0,0.0,desktop,12,0.0,3.0,3.0,3.0
1,3.0,desktop,12,3.0,3.0,1.0,3.0
2,6.0,desktop,12,4.0,1.0,5.0,1.0
3,7.0,desktop,12,9.0,5.0,1.0,5.0
4,12.0,desktop,12,10.0,1.0,3.0,1.0
5,13.0,desktop,12,13.0,3.0,1.0,3.0
6,16.0,desktop,12,14.0,1.0,1.0,1.0
7,17.0,desktop,12,15.0,91.0,91.0,1.0
8,108.0,desktop,12,106.0,1.0,4.0,1.0
9,109.0,desktop,12,110.0,4.0,2.0,4.0
10,113.0,desktop,12,112.0,2.0,1.0,2.0
