,time,event0,event1,event2,event3,event4,event5
0,0.0,desktop,11,0.0,3.0,3.0,3.0
1,3.0,desktop,11,3.0,3.0,2.0,3.0
2,6.0,desktop,11,5.0,2.0,2.0,2.0
3,8.0,desktop,11,7.0,2.0,3.0,2.0
4,10.0,desktop,11,10.0,3.0,4.0,3.0
5,13.0,desktop,11,14.0,131.0,130.0,4.0
6,144.0,desktop,11,144.0,3.0,7.0,3.0
7,147.0,desktop,11,151.0,7.0,2.0,7.0
8,154.0,desktop,11,153.0,2.0,3.0,2.0
9,156.0,mobile,11,156.0,3.0,1.0,3.0
