,time,event0,event1,event2,event3,event4,event5
0,0.0,mobile,13,0.0,4.0,3.0,4.0
1,4.0,mobile,13,3.0,3.0,5.0,3.0
2,7.0,mobile,13,8.0,5.0,3.0,5.0
3,12.0,mobile,13,11.0,6.0,4.0,3.0
4,18.0,mobile,13,15.0,1.0,6.0,1.0
5,19.0,mobile,13,21.0,6.0,1.0,6.0
6,25.0,mobile,13,22.0,1.0,6.0,1.0
7,26.0,mobile,13,28.0,9.0,10.0,6.0
8,35.0,mobile,13,38.0,7.0,7.0,7.0
9,42.0,mobile,13,45.0,14.0,14.0,7.0
10,56.0,mobile,13,59.0,7.0,7.0,7.0
11,63.0,mobile,13,66.0,7.0,7.0,7.0
