,time,event0,event1,event2,event3,event4,event5
0,0.0,desktop,12,0.0,5.0,2.0,5.0
1,5.0,mobile,12,2.0,2.0,1.0,2.0
2,7.0,desktop,12,3.0,1.0,1.0,1.0
3,8.0,desktop,12,4.0,1.0,1.0,1.0
4,9.0,mobile,12,5.0,1.0,4.0,1.0
5,10.0,mobile,12,9.0,4.0,1.0,4.0
6,14.0,desktop,12,10.0,164.0,165.0,1.0
7,178.0,desktop,12,175.0,2.0,1.0,2.0
8,180.0,desktop,12,176.0,1.0,1.0,1.0
9,181.0,mobile,12,177.0,1.0,1.0,1.0
10,182.0,mobile,12,178.0,1.0,6.0,1.0
