,time,event0,event1,event2,event3,event4,event5
0,0.0,desktop,11,0.0,1.0,1.0,1.0
1,1.0,desktop,11,1.0,1.0,5.0,1.0
2,2.0,desktop,11,6.0,5.0,3.0,5.0
3,7.0,desktop,11,9.0,3.0,3.0,3.0
4,10.0,desktop,11,12.0,3.0,3.0,3.0
5,13.0,desktop,11,15.0,6.0,5.0,3.0
6,19.0,desktop,11,20.0,2.0,1.0,2.0
7,21.0,desktop,11,21.0,1.0,4.0,1.0
8,22.0,desktop,11,25.0,4.0,1.0,4.0
9,26.0,desktop,11,26.0,1.0,1.0,1.0
