,time,event0,event1,event2,event3,event4,event5
0,0.0,mobile,12,0.0,5.0,2.0,5.0
1,5.0,mobile,12,2.0,2.0,7.0,2.0
2,7.0,mobile,12,9.0,7.0,5.0,7.0
3,14.0,mobile,12,14.0,5.0,2.0,5.0
4,19.0,mobile,12,16.0,2.0,2.0,2.0
5,21.0,tablet,12,18.0,2.0,4.0,2.0
6,23.0,tablet,12,22.0,99.0,98.0,4.0
7,122.0,mobile,12,120.0,3.0,2.0,3.0
8,125.0,mobile,12,122.0,2.0,4.0,2.0
9,127.0,mobile,12,126.0,4.0,3.0,4.0
10,131.0,mobile,12,129.0,3.0,5.0,3.0
