,time,event0,event1,event2,event3,event4,event5
0,0.0,desktop,13,0.0,2.0,2.0,2.0
1,2.0,mobile,13,2.0,2.0,4.0,2.0
2,4.0,mobile,13,6.0,4.0,2.0,4.0
3,8.0,desktop,13,8.0,2.0,3.0,2.0
4,10.0,mobile,13,11.0,3.0,1.0,3.0
5,13.0,mobile,13,12.0,79.0,79.0,1.0
6,92.0,desktop,13,91.0,1.0,1.0,1.0
7,93.0,desktop,13,92.0,1.0,1.0,1.0
8,94.0,desktop,13,93.0,1.0,1.0,1.0
9,95.0,desktop,13,94.0,1.0,1.0,1.0
10,96.0,desktop,13,95.0,1.0,1.0,1.0
11,97.0,desktop,13,96.0,1.0,1.0,1.0
