,time,event0,event1,event2,event3,event4,event5
0,0.0,desktop,12,0.0,1.0,3.0,1.0
1,1.0,desktop,12,3.0,3.0,2.0,3.0
2,4.0,desktop,12,5.0,2.0,4.0,2.0
3,6.0,desktop,12,9.0,4.0,1.0,4.0
4,10.0,mobile,12,10.0,53.0,53.0,1.0
5,63.0,desktop,12,63.0,1.0,2.0,1.0
6,64.0,desktop,12,65.0,2.0,3.0,2.0
7,66.0,desktop,12,68.0,3.0,1.0,3.0
8,69.0,desktop,12,69.0,1.0,1.0,1.0
9,70.0,desktop,12,70.0,1.0,4.0,1.0
10,71.0,desktop,12,74.0,4.0,1.0,4.0
