,time,event0,event1,event2,event3,event4,event5
0,0.0,desktop,13,0.0,3.0,3.0,3.0
1,3.0,desktop,13,3.0,3.0,4.0,3.0
2,6.0,mobile,13,7.0,4.0,2.0,4.0
3,10.0,desktop,13,9.0,2.0,3.0,2.0
4,12.0,desktop,13,12.0,3.0,5.0,3.0
5,15.0,mobile,13,17.0,5.0,1.0,5.0
6,20.0,mobile,13,18.0,1.0,2.0,1.0
7,21.0,mobile,13,20.0,12.0,13.0,2.0
8,33.0,mobile,13,33.0,3.0,3.0,3.0
9,36.0,mobile,13,36.0,3.0,1.0,3.0
10,39.0,mobile,13,37.0,1.0,2.0,1.0
11,40.0,desktop,13,39.0,2.0,3.0,2.0
