,time,event0,event1,event2,event3,event4,event5
0,0.0,tablet,11,0.0,1.0,3.0,1.0
1,1.0,tablet,11,3.0,3.0,2.0,3.0
2,4.0,tablet,11,5.0,2.0,1.0,2.0
3,6.0,tablet,11,6.0,1.0,3.0,1.0
4,7.0,desktop,11,9.0,6.0,5.0,3.0
5,13.0,tablet,11,14.0,211.0,211.0,2.0
6,224.0,tablet,11,225.0,2.0,1.0,2.0
7,226.0,tablet,11,226.0,1.0,1.0,1.0
8,227.0,tablet,11,227.0,1.0,3.0,1.0
9,228.0,mobile,11,230.0,3.0,3.0,3.0
