,time,event0,event1,event2,event3,event4,event5
0,0.0,mobile,12,0.0,1.0,1.0,1.0
1,1.0,mobile,12,1.0,1.0,1.0,1.0
2,2.0,desktop,12,2.0,1.0,1.0,1.0
3,3.0,mobile,12,3.0,238.0,240.0,1.0
4,241.0,desktop,12,243.0,3.0,2.0,3.0
5,244.0,desktop,12,245.0,2.0,4.0,2.0
6,246.0,desktop,12,249.0,4.0,2.0,4.0
7,250.0,desktop,12,251.0,2.0,3.0,2.0
8,252.0,desktop,12,254.0,3.0,3.0,3.0
9,255.0,desktop,12,257.0,3.0,1.0,3.0
10,258.0,desktop,12,258.0,1.0,2.0,1.0
