,time,event0,event1,event2,event3,event4,event5
0,0.0,mobile,12,0.0,1.0,3.0,1.0
1,1.0,mobile,12,3.0,3.0,3.0,3.0
2,4.0,mobile,12,6.0,3.0,2.0,3.0
3,7.0,mobile,12,8.0,2.0,2.0,2.0
4,9.0,mobile,12,10.0,170.0,171.0,2.0
5,179.0,desktop,12,181.0,3.0,2.0,3.0
6,182.0,mobile,12,183.0,2.0,3.0,2.0
7,184.0,desktop,12,186.0,3.0,5.0,3.0
8,187.0,desktop,12,191.0,5.0,2.0,5.0
9,192.0,desktop,12,193.0,2.0,4.0,2.0
10,194.0,mobile,12,197.0,4.0,1.0,4.0
