,time,event0,event1,event2,event3,event4,event5
0,0.0,desktop,11,0.0,3.0,1.0,3.0
1,3.0,desktop,11,1.0,1.0,1.0,1.0
2,4.0,desktop,11,2.0,1.0,3.0,1.0
3,5.0,desktop,11,5.0,3.0,1.0,3.0
4,8.0,desktop,11,6.0,172.0,172.0,1.0
5,180.0,desktop,11,178.0,1.0,1.0,1.0
6,181.0,desktop,11,179.0,1.0,4.0,1.0
7,182.0,desktop,11,183.0,4.0,9.0,4.0
8,186.0,desktop,11,192.0,9.0,2.0,9.0
9,195.0,desktop,11,194.0,2.0,2.0,2.0
