,time,event0,event1,event2,event3,event4,event5
0,0.0,desktop,13,0.0,6.0,1.0,6.0
1,6.0,desktop,13,1.0,1.0,4.0,1.0
2,7.0,desktop,13,5.0,4.0,4.0,4.0
3,11.0,desktop,13,9.0,95.0,94.0,4.0
4,106.0,desktop,13,103.0,3.0,2.0,3.0
5,109.0,desktop,13,105.0,2.0,2.0,2.0
6,111.0,desktop,13,107.0,2.0,2.0,2.0
7,113.0,desktop,13,109.0,71.0,71.0,2.0
8,184.0,desktop,13,180.0,2.0,7.0,2.0
9,186.0,desktop,13,187.0,7.0,3.0,7.0
10,193.0,desktop,13,190.0,3.0,2.0,3.0
11,196.0,desktop,13,192.0,2.0,3.0,2.0
