,time,event0,event1,event2,event3,event4,event5
0,0.0,desktop,13,0.0,2.0,1.0,2.0
1,2.0,desktop,13,1.0,1.0,2.0,1.0
2,3.0,desktop,13,3.0,2.0,2.0,2.0
3,5.0,desktop,13,5.0,2.0,5.0,2.0
4,7.0,desktop,13,10.0,160.0,159.0,5.0
5,167.0,desktop,13,169.0,4.0,4.0,4.0
6,171.0,desktop,13,173.0,4.0,4.0,4.0
7,175.0,desktop,13,177.0,4.0,1.0,4.0
8,179.0,desktop,13,178.0,1.0,2.0,1.0
9,180.0,desktop,13,180.0,2.0,1.0,2.0
10,182.0,desktop,13,181.0,1.0,3.0,1.0
11,183.0,desktop,13,184.0,3.0,2.0,3.0
