,time,event0,event1,event2,event3,event4,event5
0,0.0,mobile,12,0.0,2.0,2.0,2.0
1,2.0,mobile,12,2.0,2.0,2.0,2.0
2,4.0,mobile,12,4.0,2.0,2.0,2.0
3,6.0,mobile,12,6.0,2.0,2.0,2.0
4,8.0,mobile,12,8.0,2.0,3.0,2.0
5,10.0,mobile,12,11.0,3.0,3.0,3.0
6,13.0,mobile,12,14.0,203.0,204.0,3.0
7,216.0,desktop,12,218.0,4.0,1.0,4.0
8,220.0,mobile,12,219.0,1.0,1.0,1.0
9,221.0,mobile,12,220.0,1.0,1.0,1.0
10,222.0,mobile,12,221.0,1.0,1.0,1.0
