,time,event0,event1,event2,event3,event4,event5
0,0.0,mobile,11,0.0,4.0,1.0,4.0
1,4.0,mobile,11,1.0,1.0,1.0,1.0
2,5.0,mobile,11,2.0,1.0,2.0,1.0
3,6.0,mobile,11,4.0,2.0,3.0,2.0
4,8.0,mobile,11,7.0,3.0,1.0,3.0
5,11.0,mobile,11,8.0,1.0,1.0,1.0
6,12.0,mobile,11,9.0,6.0,7.0,1.0
7,18.0,mobile,11,16.0,2.0,1.0,2.0
8,20.0,mobile,11,17.0,1.0,1.0,1.0
9,21.0,mobile,11,18.0,1.0,1.0,1.0
