,time,event0,event1,event2,event3,event4,event5
0,0.0,mobile,11,0.0,1.0,2.0,1.0
1,1.0,mobile,11,2.0,2.0,3.0,2.0
2,3.0,mobile,11,5.0,3.0,2.0,3.0
3,6.0,mobile,11,7.0,2.0,1.0,2.0
4,8.0,mobile,11,8.0,52.0,55.0,1.0
5,60.0,desktop,11,63.0,4.0,1.0,4.0
6,64.0,desktop,11,64.0,1.0,1.0,1.0
7,65.0,mobile,11,65.0,1.0,1.0,1.0
8,66.0,mobile,11,66.0,1.0,2.0,1.0
9,67.0,desktop,11,68.0,2.0,1.0,2.0
