,time,event0,event1,event2,event3,event4,event5
0,0.0,desktop,12,0.0,4.0,6.0,4.0
1,4.0,desktop,12,6.0,6.0,3.0,6.0
2,10.0,desktop,12,9.0,3.0,3.0,3.0
3,13.0,desktop,12,12.0,3.0,5.0,3.0
4,16.0,desktop,12,17.0,13.0,10.0,5.0
5,29.0,desktop,12,27.0,2.0,3.0,2.0
6,31.0,desktop,12,30.0,3.0,3.0,3.0
7,34.0,desktop,12,33.0,3.0,1.0,3.0
8,37.0,mobile,12,34.0,1.0,2.0,1.0
9,38.0,desktop,12,36.0,2.0,3.0,2.0
10,40.0,desktop,12,39.0,3.0,1.0,3.0
