,time,event0,event1,event2,event3,event4,event5
0,0.0,desktop,11,0.0,1.0,2.0,1.0
1,1.0,desktop,11,2.0,2.0,2.0,2.0
2,3.0,desktop,11,4.0,4.0,4.0,2.0
3,7.0,desktop,11,8.0,90.0,91.0,2.0
4,97.0,desktop,11,99.0,3.0,1.0,3.0
5,100.0,desktop,11,100.0,1.0,1.0,1.0
6,101.0,desktop,11,101.0,1.0,1.0,1.0
7,102.0,desktop,11,102.0,1.0,1.0,1.0
8,103.0,desktop,11,103.0,1.0,2.0,1.0
9,104.0,desktop,11,105.0,2.0,1.0,2.0
