,time,event0,event1,event2,event3,event4,event5
0,0.0,mobile,13,0.0,4.0,4.0,4.0
1,4.0,tablet,13,4.0,4.0,2.0,4.0
2,8.0,tablet,13,6.0,2.0,2.0,2.0
3,10.0,mobile,13,8.0,18.0,17.0,2.0
4,28.0,mobile,13,25.0,1.0,1.0,1.0
5,29.0,mobile,13,26.0,1.0,1.0,1.0
6,30.0,tablet,13,27.0,1.0,1.0,1.0
7,31.0,tablet,13,28.0,5.0,7.0,1.0
8,36.0,tablet,13,35.0,3.0,2.0,3.0
9,39.0,tablet,13,37.0,2.0,1.0,2.0
10,41.0,tablet,13,38.0,1.0,3.0,1.0
11,42.0,mobile,13,41.0,3.0,2.0,3.0
