,time,event0,event1,event2,event3,event4,event5
0,0.0,desktop,11,0.0,2.0,2.0,2.0
1,2.0,desktop,11,2.0,2.0,1.0,2.0
2,4.0,desktop,11,3.0,1.0,2.0,1.0
3,5.0,desktop,11,5.0,2.0,1.0,2.0
4,7.0,desktop,11,6.0,42.0,42.0,1.0
5,49.0,desktop,11,48.0,1.0,3.0,1.0
6,50.0,desktop,11,51.0,3.0,7.0,3.0
7,53.0,desktop,11,58.0,7.0,1.0,7.0
8,60.0,desktop,11,59.0,1.0,1.0,1.0
9,61.0,desktop,11,60.0,1.0,1.0,1.0
