,time,event0,event1,event2,event3,event4,event5
0,0.0,desktop,11,0.0,2.0,1.0,2.0
1,2.0,mobile,11,1.0,1.0,1.0,1.0
2,3.0,mobile,11,2.0,1.0,3.0,1.0
3,4.0,mobile,11,5.0,3.0,1.0,3.0
4,7.0,mobile,11,6.0,1.0,1.0,1.0
5,8.0,mobile,11,7.0,141.0,141.0,1.0
6,149.0,desktop,11,148.0,1.0,4.0,1.0
7,150.0,mobile,11,152.0,4.0,4.0,4.0
8,154.0,mobile,11,156.0,4.0,3.0,4.0
9,158.0,mobile,11,159.0,3.0,3.0,3.0
