,time,event0,event1,event2,event3,event4,event5
0,0.0,mobile,12,0.0,1.0,1.0,1.0
1,1.0,mobile,12,1.0,1.0,7.0,1.0
2,2.0,mobile,12,8.0,7.0,2.0,7.0
3,9.0,mobile,12,10.0,199.0,198.0,2.0
4,208.0,tablet,12,208.0,1.0,1.0,1.0
5,209.0,tablet,12,209.0,1.0,1.0,1.0
6,210.0,desktop,12,210.0,1.0,1.0,1.0
7,211.0,mobile,12,211.0,14.0,15.0,1.0
8,225.0,mobile,12,226.0,2.0,2.0,2.0
9,227.0,mobile,12,228.0,2.0,4.0,2.0
10,229.0,desktop,12,232.0,4.0,2.0,4.0
