,time,event0,event1,event2,event3,event4,event5
0,0.0,desktop,12,0.0,7.0,8.0,7.0
1,7.0,desktop,12,8.0,8.0,3.0,8.0
2,15.0,desktop,12,11.0,3.0,4.0,3.0
3,18.0,desktop,12,15.0,4.0,6.0,4.0
4,22.0,desktop,12,21.0,6.0,2.0,6.0
5,28.0,desktop,12,23.0,2.0,3.0,2.0
6,30.0,desktop,12,26.0,3.0,1.0,3.0
7,33.0,desktop,12,27.0,1.0,1.0,1.0
8,34.0,desktop,12,28.0,1.0,3.0,1.0
9,35.0,desktop,12,31.0,3.0,3.0,3.0
10,38.0,desktop,12,34.0,3.0,2.0,3.0
