,time,event0,event1,event2,event3,event4,event5
0,0.0,mobile,12,0.0,3.0,2.0,3.0
1,3.0,mobile,12,2.0,2.0,1.0,2.0
2,5.0,desktop,12,3.0,1.0,2.0,1.0
3,6.0,mobile,12,5.0,95.0,99.0,2.0
4,101.0,mobile,12,104.0,6.0,1.0,6.0
5,107.0,mobile,12,105.0,1.0,1.0,1.0
6,108.0,mobile,12,106.0,1.0,10.0,1.0
7,109.0,mobile,12,116.0,248.0,240.0,10.0
8,357.0,desktop,12,356.0,2.0,2.0,2.0
9,359.0,desktop,12,358.0,2.0,1.0,2.0
10,361.0,desktop,12,359.0,1.0,2.0,1.0
