,time,event0,event1,event2,event3,event4,event5
0,0.0,desktop,12,0.0,2.0,2.0,2.0
1,2.0,desktop,12,2.0,2.0,2.0,2.0
2,4.0,desktop,12,4.0,2.0,1.0,2.0
3,6.0,desktop,12,5.0,1.0,5.0,1.0
4,7.0,desktop,12,10.0,82.0,79.0,5.0
5,89.0,desktop,12,89.0,2.0,1.0,2.0
6,91.0,desktop,12,90.0,1.0,1.0,1.0
7,92.0,desktop,12,91.0,1.0,1.0,1.0
8,93.0,desktop,12,92.0,1.0,1.0,1.0
9,94.0,desktop,12,93.0,1.0,3.0,1.0
10,95.0,desktop,12,96.0,3.0,1.0,3.0
