,time,event0,event1,event2,event3,event4,event5
0,0.0,desktop,12,0.0,4.0,3.0,4.0
1,4.0,desktop,12,3.0,3.0,4.0,3.0
2,7.0,desktop,12,7.0,4.0,3.0,4.0
3,11.0,desktop,12,10.0,3.0,2.0,3.0
4,14.0,desktop,12,12.0,14.0,18.0,2.0
5,28.0,mobile,12,30.0,6.0,1.0,6.0
6,34.0,desktop,12,31.0,1.0,5.0,1.0
7,35.0,mobile,12,36.0,5.0,6.0,5.0
8,40.0,mobile,12,42.0,6.0,2.0,6.0
9,46.0,mobile,12,44.0,2.0,5.0,2.0
10,48.0,desktop,12,49.0,5.0,7.0,5.0
