,time,event0,event1,event2,event3,event4,event5
0,0.0,mobile,11,0.0,2.0,2.0,2.0
1,2.0,mobile,11,2.0,2.0,2.0,2.0
2,4.0,mobile,11,4.0,2.0,1.0,2.0
3,6.0,mobile,11,5.0,1.0,1.0,1.0
4,7.0,mobile,11,6.0,1.0,1.0,1.0
5,8.0,mobile,11,7.0,1.0,3.0,1.0
6,9.0,mobile,11,10.0,168.0,171.0,3.0
7,177.0,mobile,11,181.0,6.0,3.0,6.0
8,183.0,mobile,11,184.0,3.0,2.0,3.0
9,186.0,mobile,11,186.0,2.0,1.0,2.0
