,time,event0,event1,event2,event3,event4,event5
0,0.0,mobile,13,0.0,3.0,3.0,3.0
1,3.0,mobile,13,3.0,3.0,4.0,3.0
2,6.0,mobile,13,7.0,4.0,5.0,4.0
3,10.0,mobile,13,12.0,5.0,5.0,5.0
4,15.0,mobile,13,17.0,157.0,155.0,5.0
5,172.0,mobile,13,172.0,3.0,3.0,3.0
6,175.0,mobile,13,175.0,3.0,3.0,3.0
7,178.0,mobile,13,178.0,3.0,4.0,3.0
8,181.0,mobile,13,182.0,4.0,3.0,4.0
9,185.0,mobile,13,185.0,3.0,6.0,3.0
10,188.0,mobile,13,191.0,6.0,6.0,6.0
11,194.0,mobile,13,197.0,6.0,2.0,6.0
