,time,event0,event1,event2,event3,event4,event5
0,0.0,desktop,11,0.0,2.0,1.0,2.0
1,2.0,desktop,11,1.0,4.0,6.0,1.0
2,6.0,desktop,11,7.0,3.0,1.0,3.0
3,9.0,mobile,11,8.0,31.0,31.0,1.0
4,40.0,desktop,11,39.0,1.0,1.0,1.0
5,41.0,desktop,11,40.0,1.0,1.0,1.0
6,42.0,desktop,11,41.0,1.0,1.0,1.0
7,43.0,desktop,11,42.0,1.0,3.0,1.0
8,44.0,desktop,11,45.0,3.0,3.0,3.0
9,47.0,desktop,11,48.0,3.0,1.0,3.0
