,time,event0,event1,event2,event3,event4,event5
0,0.0,desktop,11,0.0,3.0,3.0,1.0
1,3.0,desktop,11,3.0,3.0,4.0,1.0
2,6.0,desktop,11,7.0,11.0,10.0,2.0
3,17.0,desktop,11,17.0,118.0,119.0,1.0
4,135.0,desktop,11,136.0,2.0,2.0,2.0
5,137.0,desktop,11,138.0,2.0,1.0,2.0
6,139.0,desktop,11,139.0,1.0,1.0,1.0
7,140.0,desktop,11,140.0,1.0,1.0,1.0
8,141.0,desktop,11,141.0,1.0,1.0,1.0
9,142.0,desktop,11,142.0,1.0,1.0,1.0
