,time,event0,event1,event2,event3,event4,event5
0,0.0,desktop,13,0.0,1.0,1.0,1.0
1,1.0,desktop,13,1.0,1.0,3.0,1.0
2,2.0,desktop,13,4.0,3.0,1.0,3.0
3,5.0,desktop,13,5.0,1.0,1.0,1.0
4,6.0,desktop,13,6.0,12.0,13.0,1.0
5,18.0,desktop,13,19.0,2.0,4.0,2.0
6,20.0,desktop,13,23.0,4.0,2.0,4.0
7,24.0,desktop,13,25.0,2.0,3.0,2.0
8,26.0,desktop,13,28.0,3.0,2.0,3.0
9,29.0,desktop,13,30.0,2.0,4.0,2.0
10,31.0,desktop,13,34.0,4.0,3.0,4.0
11,35.0,desktop,13,37.0,3.0,4.0,3.0
