,time,event0,event1,event2,event3,event4,event5
0,0.0,desktop,13,0.0,3.0,3.0,3.0
1,3.0,desktop,13,3.0,3.0,2.0,3.0
2,6.0,desktop,13,5.0,2.0,1.0,2.0
3,8.0,desktop,13,6.0,87.0,89.0,1.0
4,95.0,desktop,13,95.0,3.0,2.0,3.0
5,98.0,desktop,13,97.0,2.0,3.0,2.0
6,100.0,desktop,13,100.0,3.0,3.0,3.0
7,103.0,desktop,13,103.0,163.0,161.0,3.0
8,266.0,desktop,13,264.0,1.0,1.0,1.0
9,267.0,tablet,13,265.0,1.0,2.0,1.0
10,268.0,mobile,13,267.0,2.0,2.0,2.0
11,270.0,mobile,13,269.0,2.0,1.0,2.0
