,time,event0,event1,event2,event3,event4,event5
0,0.0,desktop,13,0.0,1.0,4.0,1.0
1,1.0,desktop,13,4.0,4.0,4.0,4.0
2,5.0,desktop,13,8.0,4.0,1.0,4.0
3,9.0,desktop,13,9.0,79.0,80.0,1.0
4,88.0,desktop,13,89.0,2.0,3.0,2.0
5,90.0,desktop,13,92.0,3.0,4.0,3.0
6,93.0,desktop,13,96.0,4.0,2.0,4.0
7,97.0,mobile,13,98.0,2.0,2.0,2.0
8,99.0,mobile,13,100.0,2.0,2.0,2.0
9,101.0,desktop,13,102.0,2.0,2.0,2.0
10,103.0,desktop,13,104.0,2.0,3.0,2.0
11,105.0,desktop,13,107.0,3.0,1.0,3.0
