,time,event0,event1,event2,event3,event4,event5
0,0.0,desktop,12,0.0,3.0,3.0,3.0
1,3.0,desktop,12,3.0,3.0,3.0,3.0
2,6.0,desktop,12,6.0,3.0,4.0,3.0
3,9.0,desktop,12,10.0,4.0,3.0,4.0
4,13.0,desktop,12,13.0,3.0,2.0,3.0
5,16.0,desktop,12,15.0,2.0,1.0,2.0
6,18.0,desktop,12,16.0,54.0,59.0,1.0
7,72.0,desktop,12,75.0,6.0,7.0,6.0
8,78.0,desktop,12,82.0,7.0,2.0,7.0
9,85.0,desktop,12,84.0,2.0,5.0,2.0
10,87.0,desktop,12,89.0,5.0,6.0,5.0
