,time,event0,event1,event2,event3,event4,event5
0,0.0,mobile,14,0.0,2.0,1.0,2.0
1,2.0,mobile,14,1.0,1.0,4.0,1.0
2,3.0,mobile,14,5.0,4.0,1.0,4.0
3,7.0,mobile,14,6.0,58.0,58.0,1.0
4,65.0,mobile,14,64.0,1.0,7.0,1.0
5,66.0,desktop,14,71.0,7.0,1.0,7.0
6,73.0,desktop,14,72.0,1.0,2.0,1.0
7,74.0,desktop,14,74.0,2.0,4.0,2.0
8,76.0,desktop,14,78.0,4.0,3.0,4.0
9,80.0,desktop,14,81.0,3.0,1.0,3.0
10,83.0,desktop,14,82.0,13.0,14.0,1.0
11,96.0,desktop,14,96.0,3.0,2.0,2.0
12,99.0,mobile,14,98.0,1.0,3.0,1.0
