,time,event0,event1,event2,event3,event4,event5
0,0.0,mobile,11,0.0,6.0,3.0,6.0
1,6.0,mobile,11,3.0,3.0,2.0,3.0
2,9.0,mobile,11,5.0,2.0,1.0,2.0
3,11.0,mobile,11,6.0,1.0,3.0,1.0
4,12.0,mobile,11,9.0,3.0,1.0,3.0
5,15.0,mobile,11,10.0,153.0,155.0,1.0
6,168.0,mobile,11,165.0,3.0,2.0,3.0
7,171.0,mobile,11,167.0,2.0,4.0,2.0
8,173.0,mobile,11,171.0,4.0,2.0,4.0
9,177.0,mobile,11,173.0,2.0,5.0,2.0
