,time,event0,event1,event2,event3,event4,event5
0,0.0,desktop,11,0.0,4.0,3.0,4.0
1,4.0,desktop,11,3.0,3.0,4.0,3.0
2,7.0,tablet,11,7.0,4.0,3.0,4.0
3,11.0,desktop,11,10.0,30.0,30.0,3.0
4,41.0,desktop,11,40.0,3.0,2.0,3.0
5,44.0,desktop,11,42.0,2.0,1.0,2.0
6,46.0,mobile,11,43.0,1.0,3.0,1.0
7,47.0,desktop,11,46.0,3.0,1.0,3.0
8,50.0,desktop,11,47.0,1.0,3.0,1.0
9,51.0,desktop,11,50.0,3.0,2.0,3.0
