,time,event0,event1,event2,event3,event4,event5
0,0.0,desktop,12,0.0,3.0,1.0,3.0
1,3.0,desktop,12,1.0,1.0,3.0,1.0
2,4.0,desktop,12,4.0,6.0,5.0,3.0
3,10.0,desktop,12,9.0,2.0,2.0,2.0
4,12.0,desktop,12,11.0,214.0,213.0,2.0
5,226.0,mobile,12,224.0,1.0,5.0,1.0
6,227.0,mobile,12,229.0,5.0,2.0,5.0
7,232.0,mobile,12,231.0,2.0,3.0,2.0
8,234.0,mobile,12,234.0,3.0,2.0,3.0
9,237.0,mobile,12,236.0,2.0,3.0,2.0
10,239.0,mobile,12,239.0,3.0,3.0,3.0
