,time,event0,event1,event2,event3,event4,event5
0,0.0,desktop,11,0.0,1.0,1.0,1.0
1,1.0,desktop,11,1.0,3.0,3.0,1.0
2,4.0,desktop,11,4.0,1.0,4.0,1.0
3,5.0,desktop,11,8.0,4.0,1.0,4.0
4,9.0,desktop,11,9.0,1.0,1.0,1.0
5,10.0,desktop,11,10.0,323.0,329.0,1.0
6,333.0,desktop,11,339.0,7.0,5.0,7.0
7,340.0,desktop,11,344.0,5.0,1.0,5.0
8,345.0,desktop,11,345.0,1.0,1.0,1.0
9,346.0,desktop,11,346.0,1.0,1.0,1.0
