,time,event0,event1,event2,event3,event4,event5
0,0.0,mobile,11,0.0,7.0,8.0,1.0
1,7.0,mobile,11,8.0,4.0,7.0,2.0
2,11.0,mobile,11,15.0,5.0,1.0,5.0
3,16.0,mobile,11,16.0,12.0,13.0,1.0
4,28.0,mobile,11,29.0,2.0,2.0,2.0
5,30.0,mobile,11,31.0,2.0,2.0,2.0
6,32.0,mobile,11,33.0,2.0,1.0,2.0
7,34.0,mobile,11,34.0,1.0,1.0,1.0
8,35.0,mobile,11,35.0,1.0,1.0,1.0
9,36.0,mobile,11,36.0,1.0,2.0,1.0
