,time,event0,event1,event2,event3,event4,event5
0,0.0,desktop,13,0.0,4.0,2.0,4.0
1,4.0,desktop,13,2.0,2.0,3.0,2.0
2,6.0,desktop,13,5.0,3.0,1.0,3.0
3,9.0,desktop,13,6.0,77.0,78.0,1.0
4,86.0,desktop,13,84.0,2.0,1.0,2.0
5,88.0,desktop,13,85.0,1.0,1.0,1.0
6,89.0,desktop,13,86.0,1.0,1.0,1.0
7,90.0,desktop,13,87.0,1.0,1.0,1.0
8,91.0,desktop,13,88.0,1.0,1.0,1.0
9,92.0,desktop,13,89.0,1.0,1.0,1.0
10,93.0,desktop,13,90.0,1.0,1.0,1.0
11,94.0,desktop,13,91.0,1.0,1.0,1.0
