,time,event0,event1,event2,event3,event4,event5
0,0.0,tablet,12,0.0,4.0,4.0,4.0
1,4.0,desktop,12,4.0,4.0,5.0,4.0
2,8.0,desktop,12,9.0,5.0,6.0,5.0
3,13.0,tablet,12,15.0,6.0,5.0,6.0
4,19.0,tablet,12,20.0,5.0,7.0,5.0
5,24.0,tablet,12,27.0,8.0,5.0,7.0
6,32.0,tablet,12,32.0,4.0,4.0,4.0
7,36.0,tablet,12,36.0,4.0,4.0,4.0
8,40.0,tablet,12,40.0,4.0,6.0,4.0
9,44.0,tablet,12,46.0,6.0,3.0,6.0
10,50.0,tablet,12,49.0,3.0,2.0,3.0
