,time,event0,event1,event2,event3,event4,event5
0,0.0,desktop,12,0.0,4.0,2.0,4.0
1,4.0,mobile,12,2.0,2.0,1.0,2.0
2,6.0,mobile,12,3.0,1.0,1.0,1.0
3,7.0,mobile,12,4.0,231.0,232.0,1.0
4,238.0,desktop,12,236.0,2.0,3.0,2.0
5,240.0,mobile,12,239.0,3.0,1.0,3.0
6,243.0,desktop,12,240.0,1.0,2.0,1.0
7,244.0,desktop,12,242.0,2.0,2.0,2.0
8,246.0,desktop,12,244.0,2.0,1.0,2.0
9,248.0,desktop,12,245.0,1.0,3.0,1.0
10,249.0,mobile,12,248.0,3.0,1.0,3.0
