,time,event0,event1,event2,event3,event4,event5
0,0.0,desktop,11,0.0,1.0,2.0,1.0
1,1.0,desktop,11,2.0,2.0,1.0,2.0
2,3.0,desktop,11,3.0,1.0,1.0,1.0
3,4.0,desktop,11,4.0,4.0,4.0,1.0
4,8.0,desktop,11,8.0,1.0,1.0,1.0
5,9.0,desktop,11,9.0,1.0,3.0,1.0
6,10.0,desktop,11,12.0,184.0,184.0,3.0
7,194.0,desktop,11,196.0,3.0,4.0,3.0
8,197.0,desktop,11,200.0,4.0,1.0,4.0
9,201.0,desktop,11,201.0,1.0,2.0,1.0
