,time,event0,event1,event2,event3,event4,event5
0,0.0,desktop,13,0.0,1.0,1.0,1.0
1,1.0,desktop,13,1.0,1.0,1.0,1.0
2,2.0,mobile,13,2.0,1.0,1.0,1.0
3,3.0,mobile,13,3.0,26.0,27.0,1.0
4,29.0,desktop,13,30.0,2.0,2.0,2.0
5,31.0,desktop,13,32.0,2.0,1.0,2.0
6,33.0,desktop,13,33.0,1.0,2.0,1.0
7,34.0,desktop,13,35.0,9.0,8.0,2.0
8,43.0,desktop,13,43.0,1.0,1.0,1.0
9,44.0,desktop,13,44.0,1.0,1.0,1.0
10,45.0,desktop,13,45.0,1.0,3.0,1.0
11,46.0,desktop,13,48.0,3.0,1.0,3.0
