,time,event0,event1,event2,event3,event4,event5
0,0.0,mobile,13,0.0,2.0,1.0,2.0
1,2.0,mobile,13,1.0,1.0,1.0,1.0
2,3.0,mobile,13,2.0,1.0,2.0,1.0
3,4.0,mobile,13,4.0,14.0,14.0,2.0
4,18.0,mobile,13,18.0,2.0,2.0,2.0
5,20.0,mobile,13,20.0,2.0,2.0,2.0
6,22.0,mobile,13,22.0,3.0,2.0,2.0
7,25.0,mobile,13,24.0,9.0,10.0,1.0
8,34.0,mobile,13,34.0,64.0,66.0,2.0
9,98.0,mobile,13,100.0,4.0,4.0,4.0
10,102.0,mobile,13,104.0,4.0,3.0,4.0
11,106.0,mobile,13,107.0,3.0,2.0,3.0
