,time,event0,event1,event2,event3,event4,event5
0,0.0,mobile,13,0.0,5.0,1.0,5.0
1,5.0,mobile,13,1.0,1.0,3.0,1.0
2,6.0,mobile,13,4.0,3.0,1.0,3.0
3,9.0,mobile,13,5.0,1.0,1.0,1.0
4,10.0,mobile,13,6.0,1.0,1.0,1.0
5,11.0,mobile,13,7.0,1.0,1.0,1.0
6,12.0,mobile,13,8.0,1.0,2.0,1.0
7,13.0,mobile,13,10.0,50.0,52.0,2.0
8,63.0,desktop,13,62.0,4.0,2.0,4.0
9,67.0,desktop,13,64.0,2.0,3.0,2.0
10,69.0,desktop,13,67.0,3.0,2.0,3.0
11,72.0,mobile,13,69.0,2.0,3.0,2.0
