,time,event0,event1,event2,event3,event4,event5
0,0.0,mobile,12,0.0,1.0,1.0,1.0
1,1.0,mobile,12,1.0,1.0,1.0,1.0
2,2.0,mobile,12,2.0,1.0,2.0,1.0
3,3.0,mobile,12,4.0,121.0,121.0,2.0
4,124.0,desktop,12,125.0,2.0,2.0,2.0
5,126.0,desktop,12,127.0,2.0,3.0,2.0
6,128.0,desktop,12,130.0,3.0,1.0,3.0
7,131.0,desktop,12,131.0,76.0,76.0,1.0
8,207.0,mobile,12,207.0,1.0,2.0,1.0
9,208.0,mobile,12,209.0,2.0,1.0,2.0
10,210.0,mobile,12,210.0,1.0,4.0,1.0
