,time,event0,event1,event2,event3,event4,event5
0,0.0,desktop,14,0.0,3.0,3.0,3.0
1,3.0,desktop,14,3.0,3.0,1.0,3.0
2,6.0,desktop,14,4.0,1.0,2.0,1.0
3,7.0,desktop,14,6.0,2.0,1.0,2.0
4,9.0,desktop,14,7.0,1.0,7.0,1.0
5,10.0,desktop,14,14.0,64.0,58.0,7.0
6,74.0,desktop,14,72.0,1.0,2.0,1.0
7,75.0,desktop,14,74.0,2.0,2.0,2.0
8,77.0,desktop,14,76.0,2.0,3.0,2.0
9,79.0,desktop,14,79.0,3.0,3.0,3.0
10,82.0,desktop,14,82.0,3.0,4.0,3.0
11,85.0,desktop,14,86.0,4.0,1.0,4.0
12,89.0,desktop,14,87.0,1.0,1.0,1.0
