,time,event0,event1,event2,event3,event4,event5
0,0.0,mobile,13,0.0,2.0,2.0,2.0
1,2.0,mobile,13,2.0,2.0,2.0,2.0
2,4.0,mobile,13,4.0,2.0,4.0,2.0
3,6.0,mobile,13,8.0,7.0,6.0,4.0
4,13.0,mobile,13,14.0,3.0,2.0,3.0
5,16.0,mobile,13,16.0,2.0,2.0,2.0
6,18.0,mobile,13,18.0,2.0,3.0,2.0
7,20.0,mobile,13,21.0,111.0,111.0,3.0
8,131.0,mobile,13,132.0,3.0,3.0,3.0
9,134.0,mobile,13,135.0,3.0,1.0,3.0
10,137.0,desktop,13,136.0,1.0,3.0,1.0
11,138.0,mobile,13,139.0,7.0,8.0,3.0
