,time,event0,event1,event2,event3,event4,event5
0,0.0,mobile,13,0.0,4.0,4.0,4.0
1,4.0,mobile,13,4.0,4.0,1.0,4.0
2,8.0,mobile,13,5.0,1.0,3.0,1.0
3,9.0,mobile,13,8.0,3.0,1.0,3.0
4,12.0,mobile,13,9.0,1.0,1.0,1.0
5,13.0,mobile,13,10.0,68.0,69.0,1.0
6,81.0,mobile,13,79.0,2.0,2.0,2.0
7,83.0,desktop,13,81.0,2.0,1.0,2.0
8,85.0,desktop,13,82.0,1.0,2.0,1.0
9,86.0,mobile,13,84.0,2.0,3.0,2.0
10,88.0,mobile,13,87.0,3.0,1.0,3.0
11,91.0,desktop,13,88.0,1.0,2.0,1.0
