,time,event0,event1,event2,event3,event4,event5
0,0.0,desktop,11,0.0,1.0,2.0,1.0
1,1.0,desktop,11,2.0,2.0,6.0,2.0
2,3.0,desktop,11,8.0,6.0,1.0,6.0
3,9.0,desktop,11,9.0,1.0,4.0,1.0
4,10.0,desktop,11,13.0,4.0,3.0,4.0
5,14.0,desktop,11,16.0,63.0,61.0,3.0
6,77.0,desktop,11,77.0,1.0,2.0,1.0
7,78.0,desktop,11,79.0,2.0,1.0,2.0
8,80.0,desktop,11,80.0,1.0,2.0,1.0
9,81.0,desktop,11,82.0,2.0,1.0,2.0
