,time,event0,event1,event2,event3,event4,event5
0,0.0,desktop,12,0.0,3.0,4.0,3.0
1,3.0,desktop,12,4.0,4.0,3.0,4.0
2,7.0,desktop,12,7.0,3.0,1.0,3.0
3,10.0,desktop,12,8.0,155.0,159.0,1.0
4,165.0,desktop,12,167.0,5.0,1.0,5.0
5,170.0,desktop,12,168.0,1.0,1.0,1.0
6,171.0,desktop,12,169.0,1.0,2.0,1.0
7,172.0,desktop,12,171.0,2.0,1.0,2.0
8,174.0,desktop,12,172.0,1.0,1.0,1.0
9,175.0,desktop,12,173.0,1.0,3.0,1.0
10,176.0,desktop,12,176.0,3.0,2.0,3.0
