,time,event0,event1,event2,event3,event4,event5
0,0.0,desktop,13,0.0,4.0,2.0,4.0
1,4.0,desktop,13,2.0,2.0,2.0,2.0
2,6.0,desktop,13,4.0,2.0,2.0,2.0
3,8.0,desktop,13,6.0,2.0,1.0,2.0
4,10.0,mobile,13,7.0,1.0,3.0,1.0
5,11.0,desktop,13,10.0,3.0,2.0,3.0
6,14.0,mobile,13,12.0,23.0,26.0,2.0
7,37.0,desktop,13,38.0,5.0,1.0,5.0
8,42.0,tablet,13,39.0,1.0,5.0,1.0
9,43.0,tablet,13,44.0,5.0,1.0,5.0
10,48.0,mobile,13,45.0,1.0,5.0,1.0
11,49.0,tablet,13,50.0,5.0,6.0,5.0
