,time,event0,event1,event2,event3,event4,event5
0,0.0,desktop,13,0.0,1.0,2.0,1.0
1,1.0,desktop,13,2.0,2.0,2.0,2.0
2,3.0,desktop,13,4.0,2.0,4.0,2.0
3,5.0,desktop,13,8.0,203.0,201.0,4.0
4,208.0,desktop,13,209.0,2.0,1.0,2.0
5,210.0,desktop,13,210.0,1.0,2.0,1.0
6,211.0,desktop,13,212.0,2.0,2.0,2.0
7,213.0,desktop,13,214.0,10.0,11.0,2.0
8,223.0,desktop,13,225.0,3.0,3.0,3.0
9,226.0,desktop,13,228.0,3.0,3.0,3.0
10,229.0,desktop,13,231.0,3.0,1.0,3.0
11,232.0,desktop,13,232.0,1.0,1.0,1.0
