,time,event0,event1,event2,event3,event4,event5
0,0.0,desktop,11,0.0,1.0,2.0,1.0
1,1.0,desktop,11,2.0,2.0,1.0,2.0
2,3.0,desktop,11,3.0,1.0,1.0,1.0
3,4.0,desktop,11,4.0,227.0,232.0,1.0
4,231.0,desktop,11,236.0,6.0,1.0,6.0
5,237.0,desktop,11,237.0,1.0,3.0,1.0
6,238.0,desktop,11,240.0,3.0,2.0,3.0
7,241.0,desktop,11,242.0,2.0,1.0,2.0
8,243.0,desktop,11,243.0,1.0,1.0,1.0
9,244.0,desktop,11,244.0,1.0,3.0,1.0
