,time,event0,event1,event2,event3,event4,event5
0,0.0,tablet,14,0.0,2.0,6.0,2.0
1,2.0,tablet,14,6.0,6.0,3.0,6.0
2,8.0,tablet,14,9.0,3.0,1.0,3.0
3,11.0,tablet,14,10.0,1.0,1.0,1.0
4,12.0,desktop,14,11.0,1.0,4.0,1.0
5,13.0,tablet,14,15.0,4.0,4.0,4.0
6,17.0,tablet,14,19.0,8.0,7.0,4.0
7,25.0,tablet,14,26.0,3.0,1.0,3.0
8,28.0,tablet,14,27.0,1.0,5.0,1.0
9,29.0,tablet,14,32.0,5.0,1.0,5.0
10,34.0,tablet,14,33.0,1.0,5.0,1.0
11,35.0,tablet,14,38.0,5.0,1.0,5.0
12,40.0,tablet,14,39.0,1.0,2.0,1.0
