,time,event0,event1,event2,event3,event4,event5
0,0.0,desktop,12,0.0,2.0,2.0,2.0
1,2.0,tablet,12,2.0,2.0,1.0,2.0
2,4.0,tablet,12,3.0,1.0,1.0,1.0
3,5.0,tablet,12,4.0,34.0,34.0,1.0
4,39.0,desktop,12,38.0,1.0,1.0,1.0
5,40.0,tablet,12,39.0,1.0,1.0,1.0
6,41.0,desktop,12,40.0,1.0,1.0,1.0
7,42.0,desktop,12,41.0,42.0,44.0,1.0
8,84.0,desktop,12,85.0,3.0,1.0,3.0
9,87.0,tablet,12,86.0,1.0,2.0,1.0
10,88.0,tablet,12,88.0,2.0,1.0,2.0
