,time,event0,event1,event2,event3,event4,event5
0,0.0,mobile,13,0.0,4.0,6.0,4.0
1,4.0,desktop,13,6.0,6.0,2.0,6.0
2,10.0,desktop,13,8.0,2.0,3.0,2.0
3,12.0,mobile,13,11.0,3.0,2.0,3.0
4,15.0,desktop,13,13.0,90.0,90.0,2.0
5,105.0,desktop,13,103.0,2.0,1.0,2.0
6,107.0,desktop,13,104.0,1.0,1.0,1.0
7,108.0,desktop,13,105.0,1.0,1.0,1.0
8,109.0,mobile,13,106.0,1.0,1.0,1.0
9,110.0,mobile,13,107.0,1.0,4.0,1.0
10,111.0,desktop,13,111.0,4.0,3.0,4.0
11,115.0,mobile,13,114.0,3.0,2.0,3.0
