,time,event0,event1,event2,event3,event4,event5
0,0.0,tablet,11,0.0,2.0,2.0,2.0
1,2.0,tablet,11,2.0,2.0,5.0,2.0
2,4.0,tablet,11,7.0,5.0,2.0,5.0
3,9.0,tablet,11,9.0,2.0,1.0,2.0
4,11.0,tablet,11,10.0,1.0,3.0,1.0
5,12.0,tablet,11,13.0,359.0,359.0,3.0
6,371.0,desktop,11,372.0,3.0,1.0,3.0
7,374.0,desktop,11,373.0,1.0,2.0,1.0
8,375.0,desktop,11,375.0,2.0,3.0,2.0
9,377.0,desktop,11,378.0,3.0,3.0,3.0
