,time,event0,event1,event2,event3,event4,event5
0,0.0,desktop,11,0.0,3.0,2.0,3.0
1,3.0,desktop,11,2.0,2.0,2.0,2.0
2,5.0,desktop,11,4.0,2.0,4.0,2.0
3,7.0,desktop,11,8.0,4.0,2.0,4.0
4,11.0,desktop,11,10.0,50.0,49.0,2.0
5,61.0,desktop,11,59.0,1.0,1.0,1.0
6,62.0,desktop,11,60.0,1.0,1.0,1.0
7,63.0,desktop,11,61.0,1.0,1.0,1.0
8,64.0,desktop,11,62.0,1.0,1.0,1.0
9,65.0,desktop,11,63.0,1.0,2.0,1.0
