,time,event0,event1,event2,event3,event4,event5
0,0.0,tablet,13,0.0,1.0,4.0,1.0
1,1.0,tablet,13,4.0,4.0,4.0,4.0
2,5.0,mobile,13,8.0,4.0,1.0,4.0
3,9.0,tablet,13,9.0,1.0,3.0,1.0
4,10.0,mobile,13,12.0,162.0,160.0,3.0
5,172.0,tablet,13,172.0,1.0,1.0,1.0
6,173.0,tablet,13,173.0,1.0,1.0,1.0
7,174.0,tablet,13,174.0,1.0,1.0,1.0
8,175.0,tablet,13,175.0,1.0,2.0,1.0
9,176.0,mobile,13,177.0,2.0,1.0,2.0
10,178.0,mobile,13,178.0,1.0,3.0,1.0
11,179.0,tablet,13,181.0,3.0,1.0,3.0
