,time,event0,event1,event2,event3,event4,event5
0,0.0,desktop,12,0.0,15.0,13.0,4.0
1,15.0,desktop,12,13.0,2.0,2.0,2.0
2,17.0,desktop,12,15.0,2.0,5.0,2.0
3,19.0,desktop,12,20.0,5.0,4.0,5.0
4,24.0,desktop,12,24.0,4.0,2.0,4.0
5,28.0,desktop,12,26.0,2.0,3.0,2.0
6,30.0,desktop,12,29.0,36.0,34.0,3.0
7,66.0,desktop,12,63.0,1.0,3.0,1.0
8,67.0,desktop,12,66.0,3.0,1.0,3.0
9,70.0,desktop,12,67.0,1.0,1.0,1.0
10,71.0,desktop,12,68.0,1.0,1.0,1.0
