,time,event0,event1,event2,event3,event4,event5
0,0.0,mobile,13,0.0,2.0,7.0,2.0
1,2.0,mobile,13,7.0,7.0,2.0,7.0
2,9.0,mobile,13,9.0,2.0,2.0,2.0
3,11.0,mobile,13,11.0,24.0,24.0,2.0
4,35.0,mobile,13,35.0,2.0,4.0,2.0
5,37.0,mobile,13,39.0,4.0,2.0,4.0
6,41.0,mobile,13,41.0,2.0,2.0,2.0
7,43.0,mobile,13,43.0,2.0,2.0,2.0
8,45.0,mobile,13,45.0,15.0,20.0,2.0
9,60.0,mobile,13,65.0,7.0,5.0,7.0
10,67.0,mobile,13,70.0,5.0,2.0,5.0
11,72.0,mobile,13,72.0,2.0,7.0,2.0
