,time,event0,event1,event2,event3,event4,event5
0,0.0,desktop,11,0.0,4.0,1.0,4.0
1,4.0,desktop,11,1.0,1.0,2.0,1.0
2,5.0,desktop,11,3.0,2.0,2.0,2.0
3,7.0,desktop,11,5.0,2.0,3.0,2.0
4,9.0,desktop,11,8.0,3.0,1.0,3.0
5,12.0,desktop,11,9.0,21.0,22.0,1.0
6,33.0,desktop,11,31.0,2.0,1.0,2.0
7,35.0,desktop,11,32.0,1.0,2.0,1.0
8,36.0,desktop,11,34.0,2.0,1.0,2.0
9,38.0,desktop,11,35.0,1.0,1.0,1.0
