,time,event0,event1,event2,event3,event4,event5
0,0.0,desktop,12,0.0,3.0,4.0,3.0
1,3.0,desktop,12,4.0,4.0,2.0,4.0
2,7.0,desktop,12,6.0,2.0,7.0,2.0
3,9.0,desktop,12,13.0,7.0,4.0,7.0
4,16.0,desktop,12,17.0,4.0,2.0,4.0
5,20.0,desktop,12,19.0,2.0,1.0,2.0
6,22.0,desktop,12,20.0,1.0,2.0,1.0
7,23.0,desktop,12,22.0,2.0,2.0,2.0
8,25.0,desktop,12,24.0,2.0,1.0,2.0
9,27.0,desktop,12,25.0,1.0,30.0,1.0
10,28.0,desktop,12,55.0,30.0,12.0,30.0
