,time,event0,event1,event2,event3,event4,event5
0,0.0,desktop,13,0.0,2.0,4.0,2.0
1,2.0,desktop,13,4.0,4.0,3.0,4.0
2,6.0,mobile,13,7.0,3.0,7.0,3.0
3,9.0,mobile,13,14.0,7.0,2.0,7.0
4,16.0,desktop,13,16.0,153.0,152.0,2.0
5,169.0,desktop,13,168.0,1.0,1.0,1.0
6,170.0,desktop,13,169.0,1.0,1.0,1.0
7,171.0,desktop,13,170.0,1.0,1.0,1.0
8,172.0,desktop,13,171.0,1.0,1.0,1.0
9,173.0,desktop,13,172.0,1.0,1.0,1.0
10,174.0,desktop,13,173.0,1.0,1.0,1.0
11,175.0,desktop,13,174.0,1.0,1.0,1.0
