,time,event0,event1,event2,event3,event4,event5
0,0.0,desktop,12,0.0,1.0,2.0,1.0
1,1.0,desktop,12,2.0,2.0,1.0,2.0
2,3.0,desktop,12,3.0,1.0,2.0,1.0
3,4.0,desktop,12,5.0,2.0,3.0,2.0
4,6.0,desktop,12,8.0,206.0,204.0,3.0
5,212.0,desktop,12,212.0,1.0,4.0,1.0
6,213.0,desktop,12,216.0,4.0,1.0,4.0
7,217.0,desktop,12,217.0,1.0,1.0,1.0
8,218.0,desktop,12,218.0,1.0,2.0,1.0
9,219.0,desktop,12,220.0,2.0,1.0,2.0
10,221.0,desktop,12,221.0,1.0,2.0,1.0
