,time,event0,event1,event2,event3,event4,event5
0,0.0,desktop,13,0.0,1.0,1.0,1.0
1,1.0,desktop,13,1.0,1.0,2.0,1.0
2,2.0,desktop,13,3.0,2.0,1.0,2.0
3,4.0,desktop,13,4.0,1.0,1.0,1.0
4,5.0,desktop,13,5.0,1.0,1.0,1.0
5,6.0,desktop,13,6.0,169.0,171.0,1.0
6,175.0,desktop,13,177.0,3.0,3.0,3.0
7,178.0,desktop,13,180.0,3.0,2.0,3.0
8,181.0,desktop,13,182.0,2.0,3.0,2.0
9,183.0,mobile,13,185.0,3.0,2.0,3.0
10,186.0,mobile,13,187.0,2.0,5.0,2.0
11,188.0,mobile,13,192.0,5.0,3.0,5.0
