,time,event0,event1,event2,event3,event4,event5
0,0.0,desktop,11,0.0,4.0,4.0,4.0
1,4.0,desktop,11,4.0,4.0,3.0,4.0
2,8.0,mobile,11,7.0,3.0,3.0,3.0
3,11.0,mobile,11,10.0,3.0,1.0,3.0
4,14.0,mobile,11,11.0,328.0,330.0,1.0
5,342.0,mobile,11,341.0,3.0,3.0,3.0
6,345.0,mobile,11,344.0,3.0,4.0,3.0
7,348.0,mobile,11,348.0,4.0,2.0,4.0
8,352.0,mobile,11,350.0,2.0,2.0,2.0
9,354.0,mobile,11,352.0,2.0,2.0,2.0
