,time,event0,event1,event2,event3,event4,event5
0,0.0,mobile,11,0.0,1.0,1.0,1.0
1,1.0,mobile,11,1.0,1.0,1.0,1.0
2,2.0,mobile,11,2.0,1.0,4.0,1.0
3,3.0,mobile,11,6.0,4.0,2.0,4.0
4,7.0,mobile,11,8.0,2.0,5.0,2.0
5,9.0,mobile,11,13.0,5.0,3.0,5.0
6,14.0,mobile,11,16.0,3.0,3.0,3.0
7,17.0,mobile,11,19.0,3.0,4.0,3.0
8,20.0,mobile,11,23.0,4.0,1.0,4.0
9,24.0,mobile,11,24.0,1.0,2.0,1.0
