,time,event0,event1,event2,event3,event4,event5
0,0.0,desktop,13,0.0,4.0,1.0,4.0
1,4.0,mobile,13,1.0,1.0,2.0,1.0
2,5.0,desktop,13,3.0,2.0,4.0,2.0
3,7.0,desktop,13,7.0,21.0,20.0,4.0
4,28.0,desktop,13,27.0,3.0,3.0,3.0
5,31.0,desktop,13,30.0,3.0,1.0,3.0
6,34.0,desktop,13,31.0,1.0,2.0,1.0
7,35.0,desktop,13,33.0,2.0,2.0,2.0
8,37.0,desktop,13,35.0,2.0,1.0,2.0
9,39.0,desktop,13,36.0,1.0,1.0,1.0
10,40.0,desktop,13,37.0,1.0,2.0,1.0
11,41.0,desktop,13,39.0,2.0,1.0,2.0
