,time,event0,event1,event2,event3,event4,event5
0,0.0,tablet,13,0.0,1.0,4.0,1.0
1,1.0,tablet,13,4.0,4.0,1.0,4.0
2,5.0,tablet,13,5.0,1.0,1.0,1.0
3,6.0,tablet,13,6.0,91.0,95.0,1.0
4,97.0,tablet,13,101.0,5.0,2.0,5.0
5,102.0,tablet,13,103.0,2.0,2.0,2.0
6,104.0,tablet,13,105.0,2.0,2.0,2.0
7,106.0,mobile,13,107.0,59.0,59.0,2.0
8,165.0,mobile,13,166.0,2.0,5.0,2.0
9,167.0,tablet,13,171.0,5.0,3.0,5.0
10,172.0,mobile,13,174.0,3.0,4.0,3.0
11,175.0,mobile,13,178.0,4.0,6.0,4.0
