,time,event0,event1,event2,event3,event4,event5
0,0.0,tablet,12,0.0,2.0,1.0,2.0
1,2.0,tablet,12,1.0,1.0,1.0,1.0
2,3.0,tablet,12,2.0,1.0,1.0,1.0
3,4.0,mobile,12,3.0,212.0,212.0,1.0
4,216.0,tablet,12,215.0,1.0,1.0,1.0
5,217.0,tablet,12,216.0,1.0,3.0,1.0
6,218.0,tablet,12,219.0,3.0,1.0,3.0
7,221.0,tablet,12,220.0,20.0,20.0,1.0
8,241.0,desktop,12,240.0,1.0,1.0,1.0
9,242.0,desktop,12,241.0,1.0,1.0,1.0
10,243.0,tablet,12,242.0,1.0,1.0,1.0
