,time,event0,event1,event2,event3,event4,event5
0,0.0,desktop,12,0.0,3.0,3.0,3.0
1,3.0,desktop,12,3.0,3.0,2.0,3.0
2,6.0,desktop,12,5.0,2.0,3.0,2.0
3,8.0,desktop,12,8.0,3.0,4.0,3.0
4,11.0,desktop,12,12.0,4.0,3.0,4.0
5,15.0,desktop,12,15.0,3.0,2.0,3.0
6,18.0,desktop,12,17.0,2.0,4.0,2.0
7,20.0,desktop,12,21.0,4.0,6.0,4.0
8,24.0,desktop,12,27.0,6.0,4.0,6.0
9,30.0,desktop,12,31.0,4.0,1.0,4.0
10,34.0,desktop,12,32.0,1.0,1.0,1.0
