,time,event0,event1,event2,event3,event4,event5
0,0.0,mobile,14,0.0,1.0,1.0,1.0
1,1.0,mobile,14,1.0,1.0,2.0,1.0
2,2.0,mobile,14,3.0,2.0,2.0,2.0
3,4.0,mobile,14,5.0,2.0,2.0,2.0
4,6.0,mobile,14,7.0,7.0,7.0,2.0
5,13.0,mobile,14,14.0,2.0,7.0,2.0
6,15.0,mobile,14,21.0,7.0,3.0,7.0
7,22.0,mobile,14,24.0,3.0,2.0,3.0
8,25.0,mobile,14,26.0,2.0,1.0,2.0
9,27.0,mobile,14,27.0,21.0,23.0,1.0
10,48.0,desktop,14,50.0,3.0,2.0,3.0
11,51.0,desktop,14,52.0,2.0,1.0,2.0
12,53.0,desktop,14,53.0,1.0,2.0,1.0
