,time,event0,event1,event2,event3,event4,event5
0,0.0,desktop,12,0.0,2.0,1.0,2.0
1,2.0,desktop,12,1.0,2.0,2.0,1.0
2,4.0,desktop,12,3.0,1.0,2.0,1.0
3,5.0,desktop,12,5.0,73.0,72.0,2.0
4,78.0,desktop,12,77.0,1.0,1.0,1.0
5,79.0,desktop,12,78.0,1.0,1.0,1.0
6,80.0,desktop,12,79.0,1.0,1.0,1.0
7,81.0,desktop,12,80.0,212.0,212.0,1.0
8,293.0,tablet,12,292.0,1.0,3.0,1.0
9,294.0,tablet,12,295.0,3.0,1.0,3.0
10,297.0,tablet,12,296.0,1.0,1.0,1.0
