,time,event0,event1,event2,event3,event4,event5
0,0.0,mobile,13,0.0,1.0,2.0,1.0
1,1.0,mobile,13,2.0,2.0,1.0,2.0
2,3.0,mobile,13,3.0,1.0,1.0,1.0
3,4.0,mobile,13,4.0,43.0,45.0,1.0
4,47.0,mobile,13,49.0,3.0,1.0,3.0
5,50.0,mobile,13,50.0,1.0,2.0,1.0
6,51.0,desktop,13,52.0,2.0,4.0,2.0
7,53.0,desktop,13,56.0,4.0,2.0,4.0
8,57.0,mobile,13,58.0,78.0,77.0,2.0
9,135.0,desktop,13,135.0,1.0,3.0,1.0
10,136.0,desktop,13,138.0,3.0,1.0,3.0
11,139.0,desktop,13,139.0,1.0,4.0,1.0
