,time,event0,event1,event2,event3,event4,event5
0,0.0,desktop,13,0.0,1.0,3.0,1.0
1,1.0,desktop,13,3.0,3.0,3.0,3.0
2,4.0,desktop,13,6.0,3.0,3.0,3.0
3,7.0,desktop,13,9.0,97.0,95.0,3.0
4,104.0,desktop,13,104.0,1.0,1.0,1.0
5,105.0,desktop,13,105.0,1.0,2.0,1.0
6,106.0,desktop,13,107.0,2.0,1.0,2.0
7,108.0,desktop,13,108.0,1.0,2.0,1.0
8,109.0,desktop,13,110.0,5.0,4.0,2.0
9,114.0,desktop,13,114.0,1.0,1.0,1.0
10,115.0,desktop,13,115.0,1.0,1.0,1.0
11,116.0,desktop,13,116.0,1.0,1.0,1.0
