,time,event0,event1,event2,event3,event4,event5
0,0.0,desktop,13,0.0,3.0,3.0,3.0
1,3.0,desktop,13,3.0,3.0,3.0,3.0
2,6.0,desktop,13,6.0,3.0,4.0,3.0
3,9.0,desktop,13,10.0,353.0,352.0,4.0
4,362.0,desktop,13,362.0,3.0,2.0,3.0
5,365.0,desktop,13,364.0,2.0,1.0,2.0
6,367.0,desktop,13,365.0,1.0,1.0,1.0
7,368.0,desktop,13,366.0,1.0,2.0,1.0
8,369.0,desktop,13,368.0,2.0,1.0,2.0
9,371.0,desktop,13,369.0,1.0,1.0,1.0
10,372.0,desktop,13,370.0,1.0,1.0,1.0
11,373.0,desktop,13,371.0,1.0,1.0,1.0
