,time,event0,event1,event2,event3,event4,event5
0,0.0,desktop,12,0.0,2.0,2.0,2.0
1,2.0,desktop,12,2.0,2.0,3.0,2.0
2,4.0,desktop,12,5.0,3.0,2.0,3.0
3,7.0,desktop,12,7.0,2.0,1.0,2.0
4,9.0,desktop,12,8.0,1.0,1.0,1.0
5,10.0,desktop,12,9.0,1.0,1.0,1.0
6,11.0,desktop,12,10.0,99.0,102.0,1.0
7,110.0,desktop,12,112.0,4.0,4.0,4.0
8,114.0,desktop,12,116.0,4.0,4.0,4.0
9,118.0,desktop,12,120.0,4.0,3.0,4.0
10,122.0,desktop,12,123.0,3.0,1.0,3.0
