,time,event0,event1,event2,event3,event4,event5
0,0.0,tablet,12,0.0,3.0,1.0,3.0
1,3.0,tablet,12,1.0,8.0,11.0,1.0
2,11.0,tablet,12,12.0,4.0,6.0,4.0
3,15.0,mobile,12,18.0,6.0,3.0,6.0
4,21.0,tablet,12,21.0,237.0,238.0,3.0
5,258.0,tablet,12,259.0,4.0,4.0,4.0
6,262.0,tablet,12,263.0,4.0,4.0,4.0
7,266.0,tablet,12,267.0,9.0,8.0,4.0
8,275.0,tablet,12,275.0,3.0,4.0,3.0
9,278.0,tablet,12,279.0,4.0,2.0,4.0
10,282.0,tablet,12,281.0,2.0,1.0,2.0
