,time,event0,event1,event2,event3,event4,event5
0,0.0,mobile,14,0.0,2.0,2.0,2.0
1,2.0,desktop,14,2.0,2.0,2.0,2.0
2,4.0,desktop,14,4.0,2.0,3.0,2.0
3,6.0,desktop,14,7.0,6.0,5.0,3.0
4,12.0,desktop,14,12.0,2.0,1.0,2.0
5,14.0,desktop,14,13.0,1.0,4.0,1.0
6,15.0,desktop,14,17.0,4.0,1.0,4.0
7,19.0,desktop,14,18.0,1.0,1.0,1.0
8,20.0,desktop,14,19.0,2.0,2.0,1.0
9,22.0,desktop,14,21.0,1.0,1.0,1.0
10,23.0,mobile,14,22.0,1.0,2.0,1.0
11,24.0,desktop,14,24.0,2.0,2.0,2.0
12,26.0,desktop,14,26.0,2.0,1.0,2.0
