,time,event0,event1,event2,event3,event4,event5
0,0.0,desktop,12,0.0,1.0,3.0,1.0
1,1.0,desktop,12,3.0,3.0,1.0,3.0
2,4.0,desktop,12,4.0,1.0,1.0,1.0
3,5.0,desktop,12,5.0,120.0,122.0,1.0
4,125.0,desktop,12,127.0,3.0,1.0,3.0
5,128.0,desktop,12,128.0,1.0,1.0,1.0
6,129.0,desktop,12,129.0,1.0,1.0,1.0
7,130.0,desktop,12,130.0,4.0,4.0,1.0
8,134.0,desktop,12,134.0,1.0,1.0,1.0
9,135.0,desktop,12,135.0,1.0,2.0,1.0
10,136.0,desktop,12,137.0,2.0,1.0,2.0
