,time,event0,event1,event2,event3,event4,event5
0,0.0,desktop,11,0.0,2.0,1.0,2.0
1,2.0,desktop,11,1.0,1.0,3.0,1.0
2,3.0,desktop,11,4.0,3.0,1.0,3.0
3,6.0,desktop,11,5.0,1.0,6.0,1.0
4,7.0,desktop,11,11.0,273.0,268.0,6.0
5,280.0,desktop,11,279.0,1.0,1.0,1.0
6,281.0,desktop,11,280.0,1.0,2.0,1.0
7,282.0,desktop,11,282.0,2.0,1.0,2.0
8,284.0,desktop,11,283.0,1.0,1.0,1.0
9,285.0,desktop,11,284.0,1.0,1.0,1.0
