,time,event0,event1,event2,event3,event4,event5
0,0.0,desktop,12,0.0,1.0,2.0,1.0
1,1.0,desktop,12,2.0,2.0,1.0,2.0
2,3.0,desktop,12,3.0,1.0,2.0,1.0
3,4.0,desktop,12,5.0,2.0,1.0,2.0
4,6.0,desktop,12,6.0,1.0,1.0,1.0
5,7.0,tablet,12,7.0,99.0,99.0,1.0
6,106.0,desktop,12,106.0,1.0,5.0,1.0
7,107.0,desktop,12,111.0,5.0,3.0,5.0
8,112.0,desktop,12,114.0,3.0,2.0,3.0
9,115.0,desktop,12,116.0,2.0,2.0,2.0
10,117.0,desktop,12,118.0,2.0,2.0,2.0
